cycle 0 (Tile at d=0, c=0)
col0 : 0, 1, 2, 3, 4		28, 29, 30, 31, 32		56, 57, 58, 59, 60		84, 85, 86, 87, 88		112, 113, 114, 115, 116
col1 : 1, 2, 3, 4, 5		29, 30, 31, 32, 33		57, 58, 59, 60, 61		85, 86, 87, 88, 89		113, 114, 115, 116, 117
col2 : 28, 29, 30, 31, 32		56, 57, 58, 59, 60		84, 85, 86, 87, 88		112, 113, 114, 115, 116		140, 141, 142, 143, 144
col3 : 29, 30, 31, 32, 33		57, 58, 59, 60, 61		85, 86, 87, 88, 89		113, 114, 115, 116, 117		141, 142, 143, 144, 145

cycle 1 (Tile at d=0, c=1)
col0 : 2, 3, 4, 5, 6		30, 31, 32, 33, 34		58, 59, 60, 61, 62		86, 87, 88, 89, 90		114, 115, 116, 117, 118
col1 : 3, 4, 5, 6, 7		31, 32, 33, 34, 35		59, 60, 61, 62, 63		87, 88, 89, 90, 91		115, 116, 117, 118, 119
col2 : 30, 31, 32, 33, 34		58, 59, 60, 61, 62		86, 87, 88, 89, 90		114, 115, 116, 117, 118		142, 143, 144, 145, 146
col3 : 31, 32, 33, 34, 35		59, 60, 61, 62, 63		87, 88, 89, 90, 91		115, 116, 117, 118, 119		143, 144, 145, 146, 147

cycle 2 (Tile at d=0, c=2)
col0 : 4, 5, 6, 7, 8		32, 33, 34, 35, 36		60, 61, 62, 63, 64		88, 89, 90, 91, 92		116, 117, 118, 119, 120
col1 : 5, 6, 7, 8, 9		33, 34, 35, 36, 37		61, 62, 63, 64, 65		89, 90, 91, 92, 93		117, 118, 119, 120, 121
col2 : 32, 33, 34, 35, 36		60, 61, 62, 63, 64		88, 89, 90, 91, 92		116, 117, 118, 119, 120		144, 145, 146, 147, 148
col3 : 33, 34, 35, 36, 37		61, 62, 63, 64, 65		89, 90, 91, 92, 93		117, 118, 119, 120, 121		145, 146, 147, 148, 149

cycle 3 (Tile at d=0, c=3)
col0 : 6, 7, 8, 9, 10		34, 35, 36, 37, 38		62, 63, 64, 65, 66		90, 91, 92, 93, 94		118, 119, 120, 121, 122
col1 : 7, 8, 9, 10, 11		35, 36, 37, 38, 39		63, 64, 65, 66, 67		91, 92, 93, 94, 95		119, 120, 121, 122, 123
col2 : 34, 35, 36, 37, 38		62, 63, 64, 65, 66		90, 91, 92, 93, 94		118, 119, 120, 121, 122		146, 147, 148, 149, 150
col3 : 35, 36, 37, 38, 39		63, 64, 65, 66, 67		91, 92, 93, 94, 95		119, 120, 121, 122, 123		147, 148, 149, 150, 151

cycle 4 (Tile at d=0, c=4)
col0 : 8, 9, 10, 11, 12		36, 37, 38, 39, 40		64, 65, 66, 67, 68		92, 93, 94, 95, 96		120, 121, 122, 123, 124
col1 : 9, 10, 11, 12, 13		37, 38, 39, 40, 41		65, 66, 67, 68, 69		93, 94, 95, 96, 97		121, 122, 123, 124, 125
col2 : 36, 37, 38, 39, 40		64, 65, 66, 67, 68		92, 93, 94, 95, 96		120, 121, 122, 123, 124		148, 149, 150, 151, 152
col3 : 37, 38, 39, 40, 41		65, 66, 67, 68, 69		93, 94, 95, 96, 97		121, 122, 123, 124, 125		149, 150, 151, 152, 153

cycle 5 (Tile at d=0, c=5)
col0 : 10, 11, 12, 13, 14		38, 39, 40, 41, 42		66, 67, 68, 69, 70		94, 95, 96, 97, 98		122, 123, 124, 125, 126
col1 : 11, 12, 13, 14, 15		39, 40, 41, 42, 43		67, 68, 69, 70, 71		95, 96, 97, 98, 99		123, 124, 125, 126, 127
col2 : 38, 39, 40, 41, 42		66, 67, 68, 69, 70		94, 95, 96, 97, 98		122, 123, 124, 125, 126		150, 151, 152, 153, 154
col3 : 39, 40, 41, 42, 43		67, 68, 69, 70, 71		95, 96, 97, 98, 99		123, 124, 125, 126, 127		151, 152, 153, 154, 155

cycle 6 (Tile at d=0, c=6)
col0 : 12, 13, 14, 15, 16		40, 41, 42, 43, 44		68, 69, 70, 71, 72		96, 97, 98, 99, 100		124, 125, 126, 127, 128
col1 : 13, 14, 15, 16, 17		41, 42, 43, 44, 45		69, 70, 71, 72, 73		97, 98, 99, 100, 101		125, 126, 127, 128, 129
col2 : 40, 41, 42, 43, 44		68, 69, 70, 71, 72		96, 97, 98, 99, 100		124, 125, 126, 127, 128		152, 153, 154, 155, 156
col3 : 41, 42, 43, 44, 45		69, 70, 71, 72, 73		97, 98, 99, 100, 101		125, 126, 127, 128, 129		153, 154, 155, 156, 157

cycle 7 (Tile at d=0, c=7)
col0 : 14, 15, 16, 17, 18		42, 43, 44, 45, 46		70, 71, 72, 73, 74		98, 99, 100, 101, 102		126, 127, 128, 129, 130
col1 : 15, 16, 17, 18, 19		43, 44, 45, 46, 47		71, 72, 73, 74, 75		99, 100, 101, 102, 103		127, 128, 129, 130, 131
col2 : 42, 43, 44, 45, 46		70, 71, 72, 73, 74		98, 99, 100, 101, 102		126, 127, 128, 129, 130		154, 155, 156, 157, 158
col3 : 43, 44, 45, 46, 47		71, 72, 73, 74, 75		99, 100, 101, 102, 103		127, 128, 129, 130, 131		155, 156, 157, 158, 159

cycle 8 (Tile at d=0, c=8)
col0 : 16, 17, 18, 19, 20		44, 45, 46, 47, 48		72, 73, 74, 75, 76		100, 101, 102, 103, 104		128, 129, 130, 131, 132
col1 : 17, 18, 19, 20, 21		45, 46, 47, 48, 49		73, 74, 75, 76, 77		101, 102, 103, 104, 105		129, 130, 131, 132, 133
col2 : 44, 45, 46, 47, 48		72, 73, 74, 75, 76		100, 101, 102, 103, 104		128, 129, 130, 131, 132		156, 157, 158, 159, 160
col3 : 45, 46, 47, 48, 49		73, 74, 75, 76, 77		101, 102, 103, 104, 105		129, 130, 131, 132, 133		157, 158, 159, 160, 161

cycle 9 (Tile at d=0, c=9)
col0 : 18, 19, 20, 21, 22		46, 47, 48, 49, 50		74, 75, 76, 77, 78		102, 103, 104, 105, 106		130, 131, 132, 133, 134
col1 : 19, 20, 21, 22, 23		47, 48, 49, 50, 51		75, 76, 77, 78, 79		103, 104, 105, 106, 107		131, 132, 133, 134, 135
col2 : 46, 47, 48, 49, 50		74, 75, 76, 77, 78		102, 103, 104, 105, 106		130, 131, 132, 133, 134		158, 159, 160, 161, 162
col3 : 47, 48, 49, 50, 51		75, 76, 77, 78, 79		103, 104, 105, 106, 107		131, 132, 133, 134, 135		159, 160, 161, 162, 163

cycle 10 (Tile at d=0, c=10)
col0 : 20, 21, 22, 23, 24		48, 49, 50, 51, 52		76, 77, 78, 79, 80		104, 105, 106, 107, 108		132, 133, 134, 135, 136
col1 : 21, 22, 23, 24, 25		49, 50, 51, 52, 53		77, 78, 79, 80, 81		105, 106, 107, 108, 109		133, 134, 135, 136, 137
col2 : 48, 49, 50, 51, 52		76, 77, 78, 79, 80		104, 105, 106, 107, 108		132, 133, 134, 135, 136		160, 161, 162, 163, 164
col3 : 49, 50, 51, 52, 53		77, 78, 79, 80, 81		105, 106, 107, 108, 109		133, 134, 135, 136, 137		161, 162, 163, 164, 165

cycle 11 (Tile at d=0, c=11)
col0 : 22, 23, 24, 25, 26		50, 51, 52, 53, 54		78, 79, 80, 81, 82		106, 107, 108, 109, 110		134, 135, 136, 137, 138
col1 : 23, 24, 25, 26, 27		51, 52, 53, 54, 55		79, 80, 81, 82, 83		107, 108, 109, 110, 111		135, 136, 137, 138, 139
col2 : 50, 51, 52, 53, 54		78, 79, 80, 81, 82		106, 107, 108, 109, 110		134, 135, 136, 137, 138		162, 163, 164, 165, 166
col3 : 51, 52, 53, 54, 55		79, 80, 81, 82, 83		107, 108, 109, 110, 111		135, 136, 137, 138, 139		163, 164, 165, 166, 167

cycle 12 (Tile at d=1, c=0)
col0 : 56, 57, 58, 59, 60		84, 85, 86, 87, 88		112, 113, 114, 115, 116		140, 141, 142, 143, 144		168, 169, 170, 171, 172
col1 : 57, 58, 59, 60, 61		85, 86, 87, 88, 89		113, 114, 115, 116, 117		141, 142, 143, 144, 145		169, 170, 171, 172, 173
col2 : 84, 85, 86, 87, 88		112, 113, 114, 115, 116		140, 141, 142, 143, 144		168, 169, 170, 171, 172		196, 197, 198, 199, 200
col3 : 85, 86, 87, 88, 89		113, 114, 115, 116, 117		141, 142, 143, 144, 145		169, 170, 171, 172, 173		197, 198, 199, 200, 201

cycle 13 (Tile at d=1, c=1)
col0 : 58, 59, 60, 61, 62		86, 87, 88, 89, 90		114, 115, 116, 117, 118		142, 143, 144, 145, 146		170, 171, 172, 173, 174
col1 : 59, 60, 61, 62, 63		87, 88, 89, 90, 91		115, 116, 117, 118, 119		143, 144, 145, 146, 147		171, 172, 173, 174, 175
col2 : 86, 87, 88, 89, 90		114, 115, 116, 117, 118		142, 143, 144, 145, 146		170, 171, 172, 173, 174		198, 199, 200, 201, 202
col3 : 87, 88, 89, 90, 91		115, 116, 117, 118, 119		143, 144, 145, 146, 147		171, 172, 173, 174, 175		199, 200, 201, 202, 203

cycle 14 (Tile at d=1, c=2)
col0 : 60, 61, 62, 63, 64		88, 89, 90, 91, 92		116, 117, 118, 119, 120		144, 145, 146, 147, 148		172, 173, 174, 175, 176
col1 : 61, 62, 63, 64, 65		89, 90, 91, 92, 93		117, 118, 119, 120, 121		145, 146, 147, 148, 149		173, 174, 175, 176, 177
col2 : 88, 89, 90, 91, 92		116, 117, 118, 119, 120		144, 145, 146, 147, 148		172, 173, 174, 175, 176		200, 201, 202, 203, 204
col3 : 89, 90, 91, 92, 93		117, 118, 119, 120, 121		145, 146, 147, 148, 149		173, 174, 175, 176, 177		201, 202, 203, 204, 205

cycle 15 (Tile at d=1, c=3)
col0 : 62, 63, 64, 65, 66		90, 91, 92, 93, 94		118, 119, 120, 121, 122		146, 147, 148, 149, 150		174, 175, 176, 177, 178
col1 : 63, 64, 65, 66, 67		91, 92, 93, 94, 95		119, 120, 121, 122, 123		147, 148, 149, 150, 151		175, 176, 177, 178, 179
col2 : 90, 91, 92, 93, 94		118, 119, 120, 121, 122		146, 147, 148, 149, 150		174, 175, 176, 177, 178		202, 203, 204, 205, 206
col3 : 91, 92, 93, 94, 95		119, 120, 121, 122, 123		147, 148, 149, 150, 151		175, 176, 177, 178, 179		203, 204, 205, 206, 207

cycle 16 (Tile at d=1, c=4)
col0 : 64, 65, 66, 67, 68		92, 93, 94, 95, 96		120, 121, 122, 123, 124		148, 149, 150, 151, 152		176, 177, 178, 179, 180
col1 : 65, 66, 67, 68, 69		93, 94, 95, 96, 97		121, 122, 123, 124, 125		149, 150, 151, 152, 153		177, 178, 179, 180, 181
col2 : 92, 93, 94, 95, 96		120, 121, 122, 123, 124		148, 149, 150, 151, 152		176, 177, 178, 179, 180		204, 205, 206, 207, 208
col3 : 93, 94, 95, 96, 97		121, 122, 123, 124, 125		149, 150, 151, 152, 153		177, 178, 179, 180, 181		205, 206, 207, 208, 209

cycle 17 (Tile at d=1, c=5)
col0 : 66, 67, 68, 69, 70		94, 95, 96, 97, 98		122, 123, 124, 125, 126		150, 151, 152, 153, 154		178, 179, 180, 181, 182
col1 : 67, 68, 69, 70, 71		95, 96, 97, 98, 99		123, 124, 125, 126, 127		151, 152, 153, 154, 155		179, 180, 181, 182, 183
col2 : 94, 95, 96, 97, 98		122, 123, 124, 125, 126		150, 151, 152, 153, 154		178, 179, 180, 181, 182		206, 207, 208, 209, 210
col3 : 95, 96, 97, 98, 99		123, 124, 125, 126, 127		151, 152, 153, 154, 155		179, 180, 181, 182, 183		207, 208, 209, 210, 211

cycle 18 (Tile at d=1, c=6)
col0 : 68, 69, 70, 71, 72		96, 97, 98, 99, 100		124, 125, 126, 127, 128		152, 153, 154, 155, 156		180, 181, 182, 183, 184
col1 : 69, 70, 71, 72, 73		97, 98, 99, 100, 101		125, 126, 127, 128, 129		153, 154, 155, 156, 157		181, 182, 183, 184, 185
col2 : 96, 97, 98, 99, 100		124, 125, 126, 127, 128		152, 153, 154, 155, 156		180, 181, 182, 183, 184		208, 209, 210, 211, 212
col3 : 97, 98, 99, 100, 101		125, 126, 127, 128, 129		153, 154, 155, 156, 157		181, 182, 183, 184, 185		209, 210, 211, 212, 213

cycle 19 (Tile at d=1, c=7)
col0 : 70, 71, 72, 73, 74		98, 99, 100, 101, 102		126, 127, 128, 129, 130		154, 155, 156, 157, 158		182, 183, 184, 185, 186
col1 : 71, 72, 73, 74, 75		99, 100, 101, 102, 103		127, 128, 129, 130, 131		155, 156, 157, 158, 159		183, 184, 185, 186, 187
col2 : 98, 99, 100, 101, 102		126, 127, 128, 129, 130		154, 155, 156, 157, 158		182, 183, 184, 185, 186		210, 211, 212, 213, 214
col3 : 99, 100, 101, 102, 103		127, 128, 129, 130, 131		155, 156, 157, 158, 159		183, 184, 185, 186, 187		211, 212, 213, 214, 215

cycle 20 (Tile at d=1, c=8)
col0 : 72, 73, 74, 75, 76		100, 101, 102, 103, 104		128, 129, 130, 131, 132		156, 157, 158, 159, 160		184, 185, 186, 187, 188
col1 : 73, 74, 75, 76, 77		101, 102, 103, 104, 105		129, 130, 131, 132, 133		157, 158, 159, 160, 161		185, 186, 187, 188, 189
col2 : 100, 101, 102, 103, 104		128, 129, 130, 131, 132		156, 157, 158, 159, 160		184, 185, 186, 187, 188		212, 213, 214, 215, 216
col3 : 101, 102, 103, 104, 105		129, 130, 131, 132, 133		157, 158, 159, 160, 161		185, 186, 187, 188, 189		213, 214, 215, 216, 217

cycle 21 (Tile at d=1, c=9)
col0 : 74, 75, 76, 77, 78		102, 103, 104, 105, 106		130, 131, 132, 133, 134		158, 159, 160, 161, 162		186, 187, 188, 189, 190
col1 : 75, 76, 77, 78, 79		103, 104, 105, 106, 107		131, 132, 133, 134, 135		159, 160, 161, 162, 163		187, 188, 189, 190, 191
col2 : 102, 103, 104, 105, 106		130, 131, 132, 133, 134		158, 159, 160, 161, 162		186, 187, 188, 189, 190		214, 215, 216, 217, 218
col3 : 103, 104, 105, 106, 107		131, 132, 133, 134, 135		159, 160, 161, 162, 163		187, 188, 189, 190, 191		215, 216, 217, 218, 219

cycle 22 (Tile at d=1, c=10)
col0 : 76, 77, 78, 79, 80		104, 105, 106, 107, 108		132, 133, 134, 135, 136		160, 161, 162, 163, 164		188, 189, 190, 191, 192
col1 : 77, 78, 79, 80, 81		105, 106, 107, 108, 109		133, 134, 135, 136, 137		161, 162, 163, 164, 165		189, 190, 191, 192, 193
col2 : 104, 105, 106, 107, 108		132, 133, 134, 135, 136		160, 161, 162, 163, 164		188, 189, 190, 191, 192		216, 217, 218, 219, 220
col3 : 105, 106, 107, 108, 109		133, 134, 135, 136, 137		161, 162, 163, 164, 165		189, 190, 191, 192, 193		217, 218, 219, 220, 221

cycle 23 (Tile at d=1, c=11)
col0 : 78, 79, 80, 81, 82		106, 107, 108, 109, 110		134, 135, 136, 137, 138		162, 163, 164, 165, 166		190, 191, 192, 193, 194
col1 : 79, 80, 81, 82, 83		107, 108, 109, 110, 111		135, 136, 137, 138, 139		163, 164, 165, 166, 167		191, 192, 193, 194, 195
col2 : 106, 107, 108, 109, 110		134, 135, 136, 137, 138		162, 163, 164, 165, 166		190, 191, 192, 193, 194		218, 219, 220, 221, 222
col3 : 107, 108, 109, 110, 111		135, 136, 137, 138, 139		163, 164, 165, 166, 167		191, 192, 193, 194, 195		219, 220, 221, 222, 223

cycle 24 (Tile at d=2, c=0)
col0 : 112, 113, 114, 115, 116		140, 141, 142, 143, 144		168, 169, 170, 171, 172		196, 197, 198, 199, 200		224, 225, 226, 227, 228
col1 : 113, 114, 115, 116, 117		141, 142, 143, 144, 145		169, 170, 171, 172, 173		197, 198, 199, 200, 201		225, 226, 227, 228, 229
col2 : 140, 141, 142, 143, 144		168, 169, 170, 171, 172		196, 197, 198, 199, 200		224, 225, 226, 227, 228		252, 253, 254, 255, 256
col3 : 141, 142, 143, 144, 145		169, 170, 171, 172, 173		197, 198, 199, 200, 201		225, 226, 227, 228, 229		253, 254, 255, 256, 257

cycle 25 (Tile at d=2, c=1)
col0 : 114, 115, 116, 117, 118		142, 143, 144, 145, 146		170, 171, 172, 173, 174		198, 199, 200, 201, 202		226, 227, 228, 229, 230
col1 : 115, 116, 117, 118, 119		143, 144, 145, 146, 147		171, 172, 173, 174, 175		199, 200, 201, 202, 203		227, 228, 229, 230, 231
col2 : 142, 143, 144, 145, 146		170, 171, 172, 173, 174		198, 199, 200, 201, 202		226, 227, 228, 229, 230		254, 255, 256, 257, 258
col3 : 143, 144, 145, 146, 147		171, 172, 173, 174, 175		199, 200, 201, 202, 203		227, 228, 229, 230, 231		255, 256, 257, 258, 259

cycle 26 (Tile at d=2, c=2)
col0 : 116, 117, 118, 119, 120		144, 145, 146, 147, 148		172, 173, 174, 175, 176		200, 201, 202, 203, 204		228, 229, 230, 231, 232
col1 : 117, 118, 119, 120, 121		145, 146, 147, 148, 149		173, 174, 175, 176, 177		201, 202, 203, 204, 205		229, 230, 231, 232, 233
col2 : 144, 145, 146, 147, 148		172, 173, 174, 175, 176		200, 201, 202, 203, 204		228, 229, 230, 231, 232		256, 257, 258, 259, 260
col3 : 145, 146, 147, 148, 149		173, 174, 175, 176, 177		201, 202, 203, 204, 205		229, 230, 231, 232, 233		257, 258, 259, 260, 261

cycle 27 (Tile at d=2, c=3)
col0 : 118, 119, 120, 121, 122		146, 147, 148, 149, 150		174, 175, 176, 177, 178		202, 203, 204, 205, 206		230, 231, 232, 233, 234
col1 : 119, 120, 121, 122, 123		147, 148, 149, 150, 151		175, 176, 177, 178, 179		203, 204, 205, 206, 207		231, 232, 233, 234, 235
col2 : 146, 147, 148, 149, 150		174, 175, 176, 177, 178		202, 203, 204, 205, 206		230, 231, 232, 233, 234		258, 259, 260, 261, 262
col3 : 147, 148, 149, 150, 151		175, 176, 177, 178, 179		203, 204, 205, 206, 207		231, 232, 233, 234, 235		259, 260, 261, 262, 263

cycle 28 (Tile at d=2, c=4)
col0 : 120, 121, 122, 123, 124		148, 149, 150, 151, 152		176, 177, 178, 179, 180		204, 205, 206, 207, 208		232, 233, 234, 235, 236
col1 : 121, 122, 123, 124, 125		149, 150, 151, 152, 153		177, 178, 179, 180, 181		205, 206, 207, 208, 209		233, 234, 235, 236, 237
col2 : 148, 149, 150, 151, 152		176, 177, 178, 179, 180		204, 205, 206, 207, 208		232, 233, 234, 235, 236		260, 261, 262, 263, 264
col3 : 149, 150, 151, 152, 153		177, 178, 179, 180, 181		205, 206, 207, 208, 209		233, 234, 235, 236, 237		261, 262, 263, 264, 265

cycle 29 (Tile at d=2, c=5)
col0 : 122, 123, 124, 125, 126		150, 151, 152, 153, 154		178, 179, 180, 181, 182		206, 207, 208, 209, 210		234, 235, 236, 237, 238
col1 : 123, 124, 125, 126, 127		151, 152, 153, 154, 155		179, 180, 181, 182, 183		207, 208, 209, 210, 211		235, 236, 237, 238, 239
col2 : 150, 151, 152, 153, 154		178, 179, 180, 181, 182		206, 207, 208, 209, 210		234, 235, 236, 237, 238		262, 263, 264, 265, 266
col3 : 151, 152, 153, 154, 155		179, 180, 181, 182, 183		207, 208, 209, 210, 211		235, 236, 237, 238, 239		263, 264, 265, 266, 267

cycle 30 (Tile at d=2, c=6)
col0 : 124, 125, 126, 127, 128		152, 153, 154, 155, 156		180, 181, 182, 183, 184		208, 209, 210, 211, 212		236, 237, 238, 239, 240
col1 : 125, 126, 127, 128, 129		153, 154, 155, 156, 157		181, 182, 183, 184, 185		209, 210, 211, 212, 213		237, 238, 239, 240, 241
col2 : 152, 153, 154, 155, 156		180, 181, 182, 183, 184		208, 209, 210, 211, 212		236, 237, 238, 239, 240		264, 265, 266, 267, 268
col3 : 153, 154, 155, 156, 157		181, 182, 183, 184, 185		209, 210, 211, 212, 213		237, 238, 239, 240, 241		265, 266, 267, 268, 269

cycle 31 (Tile at d=2, c=7)
col0 : 126, 127, 128, 129, 130		154, 155, 156, 157, 158		182, 183, 184, 185, 186		210, 211, 212, 213, 214		238, 239, 240, 241, 242
col1 : 127, 128, 129, 130, 131		155, 156, 157, 158, 159		183, 184, 185, 186, 187		211, 212, 213, 214, 215		239, 240, 241, 242, 243
col2 : 154, 155, 156, 157, 158		182, 183, 184, 185, 186		210, 211, 212, 213, 214		238, 239, 240, 241, 242		266, 267, 268, 269, 270
col3 : 155, 156, 157, 158, 159		183, 184, 185, 186, 187		211, 212, 213, 214, 215		239, 240, 241, 242, 243		267, 268, 269, 270, 271

cycle 32 (Tile at d=2, c=8)
col0 : 128, 129, 130, 131, 132		156, 157, 158, 159, 160		184, 185, 186, 187, 188		212, 213, 214, 215, 216		240, 241, 242, 243, 244
col1 : 129, 130, 131, 132, 133		157, 158, 159, 160, 161		185, 186, 187, 188, 189		213, 214, 215, 216, 217		241, 242, 243, 244, 245
col2 : 156, 157, 158, 159, 160		184, 185, 186, 187, 188		212, 213, 214, 215, 216		240, 241, 242, 243, 244		268, 269, 270, 271, 272
col3 : 157, 158, 159, 160, 161		185, 186, 187, 188, 189		213, 214, 215, 216, 217		241, 242, 243, 244, 245		269, 270, 271, 272, 273

cycle 33 (Tile at d=2, c=9)
col0 : 130, 131, 132, 133, 134		158, 159, 160, 161, 162		186, 187, 188, 189, 190		214, 215, 216, 217, 218		242, 243, 244, 245, 246
col1 : 131, 132, 133, 134, 135		159, 160, 161, 162, 163		187, 188, 189, 190, 191		215, 216, 217, 218, 219		243, 244, 245, 246, 247
col2 : 158, 159, 160, 161, 162		186, 187, 188, 189, 190		214, 215, 216, 217, 218		242, 243, 244, 245, 246		270, 271, 272, 273, 274
col3 : 159, 160, 161, 162, 163		187, 188, 189, 190, 191		215, 216, 217, 218, 219		243, 244, 245, 246, 247		271, 272, 273, 274, 275

cycle 34 (Tile at d=2, c=10)
col0 : 132, 133, 134, 135, 136		160, 161, 162, 163, 164		188, 189, 190, 191, 192		216, 217, 218, 219, 220		244, 245, 246, 247, 248
col1 : 133, 134, 135, 136, 137		161, 162, 163, 164, 165		189, 190, 191, 192, 193		217, 218, 219, 220, 221		245, 246, 247, 248, 249
col2 : 160, 161, 162, 163, 164		188, 189, 190, 191, 192		216, 217, 218, 219, 220		244, 245, 246, 247, 248		272, 273, 274, 275, 276
col3 : 161, 162, 163, 164, 165		189, 190, 191, 192, 193		217, 218, 219, 220, 221		245, 246, 247, 248, 249		273, 274, 275, 276, 277

cycle 35 (Tile at d=2, c=11)
col0 : 134, 135, 136, 137, 138		162, 163, 164, 165, 166		190, 191, 192, 193, 194		218, 219, 220, 221, 222		246, 247, 248, 249, 250
col1 : 135, 136, 137, 138, 139		163, 164, 165, 166, 167		191, 192, 193, 194, 195		219, 220, 221, 222, 223		247, 248, 249, 250, 251
col2 : 162, 163, 164, 165, 166		190, 191, 192, 193, 194		218, 219, 220, 221, 222		246, 247, 248, 249, 250		274, 275, 276, 277, 278
col3 : 163, 164, 165, 166, 167		191, 192, 193, 194, 195		219, 220, 221, 222, 223		247, 248, 249, 250, 251		275, 276, 277, 278, 279

cycle 36 (Tile at d=3, c=0)
col0 : 168, 169, 170, 171, 172		196, 197, 198, 199, 200		224, 225, 226, 227, 228		252, 253, 254, 255, 256		280, 281, 282, 283, 284
col1 : 169, 170, 171, 172, 173		197, 198, 199, 200, 201		225, 226, 227, 228, 229		253, 254, 255, 256, 257		281, 282, 283, 284, 285
col2 : 196, 197, 198, 199, 200		224, 225, 226, 227, 228		252, 253, 254, 255, 256		280, 281, 282, 283, 284		308, 309, 310, 311, 312
col3 : 197, 198, 199, 200, 201		225, 226, 227, 228, 229		253, 254, 255, 256, 257		281, 282, 283, 284, 285		309, 310, 311, 312, 313

cycle 37 (Tile at d=3, c=1)
col0 : 170, 171, 172, 173, 174		198, 199, 200, 201, 202		226, 227, 228, 229, 230		254, 255, 256, 257, 258		282, 283, 284, 285, 286
col1 : 171, 172, 173, 174, 175		199, 200, 201, 202, 203		227, 228, 229, 230, 231		255, 256, 257, 258, 259		283, 284, 285, 286, 287
col2 : 198, 199, 200, 201, 202		226, 227, 228, 229, 230		254, 255, 256, 257, 258		282, 283, 284, 285, 286		310, 311, 312, 313, 314
col3 : 199, 200, 201, 202, 203		227, 228, 229, 230, 231		255, 256, 257, 258, 259		283, 284, 285, 286, 287		311, 312, 313, 314, 315

cycle 38 (Tile at d=3, c=2)
col0 : 172, 173, 174, 175, 176		200, 201, 202, 203, 204		228, 229, 230, 231, 232		256, 257, 258, 259, 260		284, 285, 286, 287, 288
col1 : 173, 174, 175, 176, 177		201, 202, 203, 204, 205		229, 230, 231, 232, 233		257, 258, 259, 260, 261		285, 286, 287, 288, 289
col2 : 200, 201, 202, 203, 204		228, 229, 230, 231, 232		256, 257, 258, 259, 260		284, 285, 286, 287, 288		312, 313, 314, 315, 316
col3 : 201, 202, 203, 204, 205		229, 230, 231, 232, 233		257, 258, 259, 260, 261		285, 286, 287, 288, 289		313, 314, 315, 316, 317

cycle 39 (Tile at d=3, c=3)
col0 : 174, 175, 176, 177, 178		202, 203, 204, 205, 206		230, 231, 232, 233, 234		258, 259, 260, 261, 262		286, 287, 288, 289, 290
col1 : 175, 176, 177, 178, 179		203, 204, 205, 206, 207		231, 232, 233, 234, 235		259, 260, 261, 262, 263		287, 288, 289, 290, 291
col2 : 202, 203, 204, 205, 206		230, 231, 232, 233, 234		258, 259, 260, 261, 262		286, 287, 288, 289, 290		314, 315, 316, 317, 318
col3 : 203, 204, 205, 206, 207		231, 232, 233, 234, 235		259, 260, 261, 262, 263		287, 288, 289, 290, 291		315, 316, 317, 318, 319

cycle 40 (Tile at d=3, c=4)
col0 : 176, 177, 178, 179, 180		204, 205, 206, 207, 208		232, 233, 234, 235, 236		260, 261, 262, 263, 264		288, 289, 290, 291, 292
col1 : 177, 178, 179, 180, 181		205, 206, 207, 208, 209		233, 234, 235, 236, 237		261, 262, 263, 264, 265		289, 290, 291, 292, 293
col2 : 204, 205, 206, 207, 208		232, 233, 234, 235, 236		260, 261, 262, 263, 264		288, 289, 290, 291, 292		316, 317, 318, 319, 320
col3 : 205, 206, 207, 208, 209		233, 234, 235, 236, 237		261, 262, 263, 264, 265		289, 290, 291, 292, 293		317, 318, 319, 320, 321

cycle 41 (Tile at d=3, c=5)
col0 : 178, 179, 180, 181, 182		206, 207, 208, 209, 210		234, 235, 236, 237, 238		262, 263, 264, 265, 266		290, 291, 292, 293, 294
col1 : 179, 180, 181, 182, 183		207, 208, 209, 210, 211		235, 236, 237, 238, 239		263, 264, 265, 266, 267		291, 292, 293, 294, 295
col2 : 206, 207, 208, 209, 210		234, 235, 236, 237, 238		262, 263, 264, 265, 266		290, 291, 292, 293, 294		318, 319, 320, 321, 322
col3 : 207, 208, 209, 210, 211		235, 236, 237, 238, 239		263, 264, 265, 266, 267		291, 292, 293, 294, 295		319, 320, 321, 322, 323

cycle 42 (Tile at d=3, c=6)
col0 : 180, 181, 182, 183, 184		208, 209, 210, 211, 212		236, 237, 238, 239, 240		264, 265, 266, 267, 268		292, 293, 294, 295, 296
col1 : 181, 182, 183, 184, 185		209, 210, 211, 212, 213		237, 238, 239, 240, 241		265, 266, 267, 268, 269		293, 294, 295, 296, 297
col2 : 208, 209, 210, 211, 212		236, 237, 238, 239, 240		264, 265, 266, 267, 268		292, 293, 294, 295, 296		320, 321, 322, 323, 324
col3 : 209, 210, 211, 212, 213		237, 238, 239, 240, 241		265, 266, 267, 268, 269		293, 294, 295, 296, 297		321, 322, 323, 324, 325

cycle 43 (Tile at d=3, c=7)
col0 : 182, 183, 184, 185, 186		210, 211, 212, 213, 214		238, 239, 240, 241, 242		266, 267, 268, 269, 270		294, 295, 296, 297, 298
col1 : 183, 184, 185, 186, 187		211, 212, 213, 214, 215		239, 240, 241, 242, 243		267, 268, 269, 270, 271		295, 296, 297, 298, 299
col2 : 210, 211, 212, 213, 214		238, 239, 240, 241, 242		266, 267, 268, 269, 270		294, 295, 296, 297, 298		322, 323, 324, 325, 326
col3 : 211, 212, 213, 214, 215		239, 240, 241, 242, 243		267, 268, 269, 270, 271		295, 296, 297, 298, 299		323, 324, 325, 326, 327

cycle 44 (Tile at d=3, c=8)
col0 : 184, 185, 186, 187, 188		212, 213, 214, 215, 216		240, 241, 242, 243, 244		268, 269, 270, 271, 272		296, 297, 298, 299, 300
col1 : 185, 186, 187, 188, 189		213, 214, 215, 216, 217		241, 242, 243, 244, 245		269, 270, 271, 272, 273		297, 298, 299, 300, 301
col2 : 212, 213, 214, 215, 216		240, 241, 242, 243, 244		268, 269, 270, 271, 272		296, 297, 298, 299, 300		324, 325, 326, 327, 328
col3 : 213, 214, 215, 216, 217		241, 242, 243, 244, 245		269, 270, 271, 272, 273		297, 298, 299, 300, 301		325, 326, 327, 328, 329

cycle 45 (Tile at d=3, c=9)
col0 : 186, 187, 188, 189, 190		214, 215, 216, 217, 218		242, 243, 244, 245, 246		270, 271, 272, 273, 274		298, 299, 300, 301, 302
col1 : 187, 188, 189, 190, 191		215, 216, 217, 218, 219		243, 244, 245, 246, 247		271, 272, 273, 274, 275		299, 300, 301, 302, 303
col2 : 214, 215, 216, 217, 218		242, 243, 244, 245, 246		270, 271, 272, 273, 274		298, 299, 300, 301, 302		326, 327, 328, 329, 330
col3 : 215, 216, 217, 218, 219		243, 244, 245, 246, 247		271, 272, 273, 274, 275		299, 300, 301, 302, 303		327, 328, 329, 330, 331

cycle 46 (Tile at d=3, c=10)
col0 : 188, 189, 190, 191, 192		216, 217, 218, 219, 220		244, 245, 246, 247, 248		272, 273, 274, 275, 276		300, 301, 302, 303, 304
col1 : 189, 190, 191, 192, 193		217, 218, 219, 220, 221		245, 246, 247, 248, 249		273, 274, 275, 276, 277		301, 302, 303, 304, 305
col2 : 216, 217, 218, 219, 220		244, 245, 246, 247, 248		272, 273, 274, 275, 276		300, 301, 302, 303, 304		328, 329, 330, 331, 332
col3 : 217, 218, 219, 220, 221		245, 246, 247, 248, 249		273, 274, 275, 276, 277		301, 302, 303, 304, 305		329, 330, 331, 332, 333

cycle 47 (Tile at d=3, c=11)
col0 : 190, 191, 192, 193, 194		218, 219, 220, 221, 222		246, 247, 248, 249, 250		274, 275, 276, 277, 278		302, 303, 304, 305, 306
col1 : 191, 192, 193, 194, 195		219, 220, 221, 222, 223		247, 248, 249, 250, 251		275, 276, 277, 278, 279		303, 304, 305, 306, 307
col2 : 218, 219, 220, 221, 222		246, 247, 248, 249, 250		274, 275, 276, 277, 278		302, 303, 304, 305, 306		330, 331, 332, 333, 334
col3 : 219, 220, 221, 222, 223		247, 248, 249, 250, 251		275, 276, 277, 278, 279		303, 304, 305, 306, 307		331, 332, 333, 334, 335

cycle 48 (Tile at d=4, c=0)
col0 : 224, 225, 226, 227, 228		252, 253, 254, 255, 256		280, 281, 282, 283, 284		308, 309, 310, 311, 312		336, 337, 338, 339, 340
col1 : 225, 226, 227, 228, 229		253, 254, 255, 256, 257		281, 282, 283, 284, 285		309, 310, 311, 312, 313		337, 338, 339, 340, 341
col2 : 252, 253, 254, 255, 256		280, 281, 282, 283, 284		308, 309, 310, 311, 312		336, 337, 338, 339, 340		364, 365, 366, 367, 368
col3 : 253, 254, 255, 256, 257		281, 282, 283, 284, 285		309, 310, 311, 312, 313		337, 338, 339, 340, 341		365, 366, 367, 368, 369

cycle 49 (Tile at d=4, c=1)
col0 : 226, 227, 228, 229, 230		254, 255, 256, 257, 258		282, 283, 284, 285, 286		310, 311, 312, 313, 314		338, 339, 340, 341, 342
col1 : 227, 228, 229, 230, 231		255, 256, 257, 258, 259		283, 284, 285, 286, 287		311, 312, 313, 314, 315		339, 340, 341, 342, 343
col2 : 254, 255, 256, 257, 258		282, 283, 284, 285, 286		310, 311, 312, 313, 314		338, 339, 340, 341, 342		366, 367, 368, 369, 370
col3 : 255, 256, 257, 258, 259		283, 284, 285, 286, 287		311, 312, 313, 314, 315		339, 340, 341, 342, 343		367, 368, 369, 370, 371

cycle 50 (Tile at d=4, c=2)
col0 : 228, 229, 230, 231, 232		256, 257, 258, 259, 260		284, 285, 286, 287, 288		312, 313, 314, 315, 316		340, 341, 342, 343, 344
col1 : 229, 230, 231, 232, 233		257, 258, 259, 260, 261		285, 286, 287, 288, 289		313, 314, 315, 316, 317		341, 342, 343, 344, 345
col2 : 256, 257, 258, 259, 260		284, 285, 286, 287, 288		312, 313, 314, 315, 316		340, 341, 342, 343, 344		368, 369, 370, 371, 372
col3 : 257, 258, 259, 260, 261		285, 286, 287, 288, 289		313, 314, 315, 316, 317		341, 342, 343, 344, 345		369, 370, 371, 372, 373

cycle 51 (Tile at d=4, c=3)
col0 : 230, 231, 232, 233, 234		258, 259, 260, 261, 262		286, 287, 288, 289, 290		314, 315, 316, 317, 318		342, 343, 344, 345, 346
col1 : 231, 232, 233, 234, 235		259, 260, 261, 262, 263		287, 288, 289, 290, 291		315, 316, 317, 318, 319		343, 344, 345, 346, 347
col2 : 258, 259, 260, 261, 262		286, 287, 288, 289, 290		314, 315, 316, 317, 318		342, 343, 344, 345, 346		370, 371, 372, 373, 374
col3 : 259, 260, 261, 262, 263		287, 288, 289, 290, 291		315, 316, 317, 318, 319		343, 344, 345, 346, 347		371, 372, 373, 374, 375

cycle 52 (Tile at d=4, c=4)
col0 : 232, 233, 234, 235, 236		260, 261, 262, 263, 264		288, 289, 290, 291, 292		316, 317, 318, 319, 320		344, 345, 346, 347, 348
col1 : 233, 234, 235, 236, 237		261, 262, 263, 264, 265		289, 290, 291, 292, 293		317, 318, 319, 320, 321		345, 346, 347, 348, 349
col2 : 260, 261, 262, 263, 264		288, 289, 290, 291, 292		316, 317, 318, 319, 320		344, 345, 346, 347, 348		372, 373, 374, 375, 376
col3 : 261, 262, 263, 264, 265		289, 290, 291, 292, 293		317, 318, 319, 320, 321		345, 346, 347, 348, 349		373, 374, 375, 376, 377

cycle 53 (Tile at d=4, c=5)
col0 : 234, 235, 236, 237, 238		262, 263, 264, 265, 266		290, 291, 292, 293, 294		318, 319, 320, 321, 322		346, 347, 348, 349, 350
col1 : 235, 236, 237, 238, 239		263, 264, 265, 266, 267		291, 292, 293, 294, 295		319, 320, 321, 322, 323		347, 348, 349, 350, 351
col2 : 262, 263, 264, 265, 266		290, 291, 292, 293, 294		318, 319, 320, 321, 322		346, 347, 348, 349, 350		374, 375, 376, 377, 378
col3 : 263, 264, 265, 266, 267		291, 292, 293, 294, 295		319, 320, 321, 322, 323		347, 348, 349, 350, 351		375, 376, 377, 378, 379

cycle 54 (Tile at d=4, c=6)
col0 : 236, 237, 238, 239, 240		264, 265, 266, 267, 268		292, 293, 294, 295, 296		320, 321, 322, 323, 324		348, 349, 350, 351, 352
col1 : 237, 238, 239, 240, 241		265, 266, 267, 268, 269		293, 294, 295, 296, 297		321, 322, 323, 324, 325		349, 350, 351, 352, 353
col2 : 264, 265, 266, 267, 268		292, 293, 294, 295, 296		320, 321, 322, 323, 324		348, 349, 350, 351, 352		376, 377, 378, 379, 380
col3 : 265, 266, 267, 268, 269		293, 294, 295, 296, 297		321, 322, 323, 324, 325		349, 350, 351, 352, 353		377, 378, 379, 380, 381

cycle 55 (Tile at d=4, c=7)
col0 : 238, 239, 240, 241, 242		266, 267, 268, 269, 270		294, 295, 296, 297, 298		322, 323, 324, 325, 326		350, 351, 352, 353, 354
col1 : 239, 240, 241, 242, 243		267, 268, 269, 270, 271		295, 296, 297, 298, 299		323, 324, 325, 326, 327		351, 352, 353, 354, 355
col2 : 266, 267, 268, 269, 270		294, 295, 296, 297, 298		322, 323, 324, 325, 326		350, 351, 352, 353, 354		378, 379, 380, 381, 382
col3 : 267, 268, 269, 270, 271		295, 296, 297, 298, 299		323, 324, 325, 326, 327		351, 352, 353, 354, 355		379, 380, 381, 382, 383

cycle 56 (Tile at d=4, c=8)
col0 : 240, 241, 242, 243, 244		268, 269, 270, 271, 272		296, 297, 298, 299, 300		324, 325, 326, 327, 328		352, 353, 354, 355, 356
col1 : 241, 242, 243, 244, 245		269, 270, 271, 272, 273		297, 298, 299, 300, 301		325, 326, 327, 328, 329		353, 354, 355, 356, 357
col2 : 268, 269, 270, 271, 272		296, 297, 298, 299, 300		324, 325, 326, 327, 328		352, 353, 354, 355, 356		380, 381, 382, 383, 384
col3 : 269, 270, 271, 272, 273		297, 298, 299, 300, 301		325, 326, 327, 328, 329		353, 354, 355, 356, 357		381, 382, 383, 384, 385

cycle 57 (Tile at d=4, c=9)
col0 : 242, 243, 244, 245, 246		270, 271, 272, 273, 274		298, 299, 300, 301, 302		326, 327, 328, 329, 330		354, 355, 356, 357, 358
col1 : 243, 244, 245, 246, 247		271, 272, 273, 274, 275		299, 300, 301, 302, 303		327, 328, 329, 330, 331		355, 356, 357, 358, 359
col2 : 270, 271, 272, 273, 274		298, 299, 300, 301, 302		326, 327, 328, 329, 330		354, 355, 356, 357, 358		382, 383, 384, 385, 386
col3 : 271, 272, 273, 274, 275		299, 300, 301, 302, 303		327, 328, 329, 330, 331		355, 356, 357, 358, 359		383, 384, 385, 386, 387

cycle 58 (Tile at d=4, c=10)
col0 : 244, 245, 246, 247, 248		272, 273, 274, 275, 276		300, 301, 302, 303, 304		328, 329, 330, 331, 332		356, 357, 358, 359, 360
col1 : 245, 246, 247, 248, 249		273, 274, 275, 276, 277		301, 302, 303, 304, 305		329, 330, 331, 332, 333		357, 358, 359, 360, 361
col2 : 272, 273, 274, 275, 276		300, 301, 302, 303, 304		328, 329, 330, 331, 332		356, 357, 358, 359, 360		384, 385, 386, 387, 388
col3 : 273, 274, 275, 276, 277		301, 302, 303, 304, 305		329, 330, 331, 332, 333		357, 358, 359, 360, 361		385, 386, 387, 388, 389

cycle 59 (Tile at d=4, c=11)
col0 : 246, 247, 248, 249, 250		274, 275, 276, 277, 278		302, 303, 304, 305, 306		330, 331, 332, 333, 334		358, 359, 360, 361, 362
col1 : 247, 248, 249, 250, 251		275, 276, 277, 278, 279		303, 304, 305, 306, 307		331, 332, 333, 334, 335		359, 360, 361, 362, 363
col2 : 274, 275, 276, 277, 278		302, 303, 304, 305, 306		330, 331, 332, 333, 334		358, 359, 360, 361, 362		386, 387, 388, 389, 390
col3 : 275, 276, 277, 278, 279		303, 304, 305, 306, 307		331, 332, 333, 334, 335		359, 360, 361, 362, 363		387, 388, 389, 390, 391

cycle 60 (Tile at d=5, c=0)
col0 : 280, 281, 282, 283, 284		308, 309, 310, 311, 312		336, 337, 338, 339, 340		364, 365, 366, 367, 368		392, 393, 394, 395, 396
col1 : 281, 282, 283, 284, 285		309, 310, 311, 312, 313		337, 338, 339, 340, 341		365, 366, 367, 368, 369		393, 394, 395, 396, 397
col2 : 308, 309, 310, 311, 312		336, 337, 338, 339, 340		364, 365, 366, 367, 368		392, 393, 394, 395, 396		420, 421, 422, 423, 424
col3 : 309, 310, 311, 312, 313		337, 338, 339, 340, 341		365, 366, 367, 368, 369		393, 394, 395, 396, 397		421, 422, 423, 424, 425

cycle 61 (Tile at d=5, c=1)
col0 : 282, 283, 284, 285, 286		310, 311, 312, 313, 314		338, 339, 340, 341, 342		366, 367, 368, 369, 370		394, 395, 396, 397, 398
col1 : 283, 284, 285, 286, 287		311, 312, 313, 314, 315		339, 340, 341, 342, 343		367, 368, 369, 370, 371		395, 396, 397, 398, 399
col2 : 310, 311, 312, 313, 314		338, 339, 340, 341, 342		366, 367, 368, 369, 370		394, 395, 396, 397, 398		422, 423, 424, 425, 426
col3 : 311, 312, 313, 314, 315		339, 340, 341, 342, 343		367, 368, 369, 370, 371		395, 396, 397, 398, 399		423, 424, 425, 426, 427

cycle 62 (Tile at d=5, c=2)
col0 : 284, 285, 286, 287, 288		312, 313, 314, 315, 316		340, 341, 342, 343, 344		368, 369, 370, 371, 372		396, 397, 398, 399, 400
col1 : 285, 286, 287, 288, 289		313, 314, 315, 316, 317		341, 342, 343, 344, 345		369, 370, 371, 372, 373		397, 398, 399, 400, 401
col2 : 312, 313, 314, 315, 316		340, 341, 342, 343, 344		368, 369, 370, 371, 372		396, 397, 398, 399, 400		424, 425, 426, 427, 428
col3 : 313, 314, 315, 316, 317		341, 342, 343, 344, 345		369, 370, 371, 372, 373		397, 398, 399, 400, 401		425, 426, 427, 428, 429

cycle 63 (Tile at d=5, c=3)
col0 : 286, 287, 288, 289, 290		314, 315, 316, 317, 318		342, 343, 344, 345, 346		370, 371, 372, 373, 374		398, 399, 400, 401, 402
col1 : 287, 288, 289, 290, 291		315, 316, 317, 318, 319		343, 344, 345, 346, 347		371, 372, 373, 374, 375		399, 400, 401, 402, 403
col2 : 314, 315, 316, 317, 318		342, 343, 344, 345, 346		370, 371, 372, 373, 374		398, 399, 400, 401, 402		426, 427, 428, 429, 430
col3 : 315, 316, 317, 318, 319		343, 344, 345, 346, 347		371, 372, 373, 374, 375		399, 400, 401, 402, 403		427, 428, 429, 430, 431

cycle 64 (Tile at d=5, c=4)
col0 : 288, 289, 290, 291, 292		316, 317, 318, 319, 320		344, 345, 346, 347, 348		372, 373, 374, 375, 376		400, 401, 402, 403, 404
col1 : 289, 290, 291, 292, 293		317, 318, 319, 320, 321		345, 346, 347, 348, 349		373, 374, 375, 376, 377		401, 402, 403, 404, 405
col2 : 316, 317, 318, 319, 320		344, 345, 346, 347, 348		372, 373, 374, 375, 376		400, 401, 402, 403, 404		428, 429, 430, 431, 432
col3 : 317, 318, 319, 320, 321		345, 346, 347, 348, 349		373, 374, 375, 376, 377		401, 402, 403, 404, 405		429, 430, 431, 432, 433

cycle 65 (Tile at d=5, c=5)
col0 : 290, 291, 292, 293, 294		318, 319, 320, 321, 322		346, 347, 348, 349, 350		374, 375, 376, 377, 378		402, 403, 404, 405, 406
col1 : 291, 292, 293, 294, 295		319, 320, 321, 322, 323		347, 348, 349, 350, 351		375, 376, 377, 378, 379		403, 404, 405, 406, 407
col2 : 318, 319, 320, 321, 322		346, 347, 348, 349, 350		374, 375, 376, 377, 378		402, 403, 404, 405, 406		430, 431, 432, 433, 434
col3 : 319, 320, 321, 322, 323		347, 348, 349, 350, 351		375, 376, 377, 378, 379		403, 404, 405, 406, 407		431, 432, 433, 434, 435

cycle 66 (Tile at d=5, c=6)
col0 : 292, 293, 294, 295, 296		320, 321, 322, 323, 324		348, 349, 350, 351, 352		376, 377, 378, 379, 380		404, 405, 406, 407, 408
col1 : 293, 294, 295, 296, 297		321, 322, 323, 324, 325		349, 350, 351, 352, 353		377, 378, 379, 380, 381		405, 406, 407, 408, 409
col2 : 320, 321, 322, 323, 324		348, 349, 350, 351, 352		376, 377, 378, 379, 380		404, 405, 406, 407, 408		432, 433, 434, 435, 436
col3 : 321, 322, 323, 324, 325		349, 350, 351, 352, 353		377, 378, 379, 380, 381		405, 406, 407, 408, 409		433, 434, 435, 436, 437

cycle 67 (Tile at d=5, c=7)
col0 : 294, 295, 296, 297, 298		322, 323, 324, 325, 326		350, 351, 352, 353, 354		378, 379, 380, 381, 382		406, 407, 408, 409, 410
col1 : 295, 296, 297, 298, 299		323, 324, 325, 326, 327		351, 352, 353, 354, 355		379, 380, 381, 382, 383		407, 408, 409, 410, 411
col2 : 322, 323, 324, 325, 326		350, 351, 352, 353, 354		378, 379, 380, 381, 382		406, 407, 408, 409, 410		434, 435, 436, 437, 438
col3 : 323, 324, 325, 326, 327		351, 352, 353, 354, 355		379, 380, 381, 382, 383		407, 408, 409, 410, 411		435, 436, 437, 438, 439

cycle 68 (Tile at d=5, c=8)
col0 : 296, 297, 298, 299, 300		324, 325, 326, 327, 328		352, 353, 354, 355, 356		380, 381, 382, 383, 384		408, 409, 410, 411, 412
col1 : 297, 298, 299, 300, 301		325, 326, 327, 328, 329		353, 354, 355, 356, 357		381, 382, 383, 384, 385		409, 410, 411, 412, 413
col2 : 324, 325, 326, 327, 328		352, 353, 354, 355, 356		380, 381, 382, 383, 384		408, 409, 410, 411, 412		436, 437, 438, 439, 440
col3 : 325, 326, 327, 328, 329		353, 354, 355, 356, 357		381, 382, 383, 384, 385		409, 410, 411, 412, 413		437, 438, 439, 440, 441

cycle 69 (Tile at d=5, c=9)
col0 : 298, 299, 300, 301, 302		326, 327, 328, 329, 330		354, 355, 356, 357, 358		382, 383, 384, 385, 386		410, 411, 412, 413, 414
col1 : 299, 300, 301, 302, 303		327, 328, 329, 330, 331		355, 356, 357, 358, 359		383, 384, 385, 386, 387		411, 412, 413, 414, 415
col2 : 326, 327, 328, 329, 330		354, 355, 356, 357, 358		382, 383, 384, 385, 386		410, 411, 412, 413, 414		438, 439, 440, 441, 442
col3 : 327, 328, 329, 330, 331		355, 356, 357, 358, 359		383, 384, 385, 386, 387		411, 412, 413, 414, 415		439, 440, 441, 442, 443

cycle 70 (Tile at d=5, c=10)
col0 : 300, 301, 302, 303, 304		328, 329, 330, 331, 332		356, 357, 358, 359, 360		384, 385, 386, 387, 388		412, 413, 414, 415, 416
col1 : 301, 302, 303, 304, 305		329, 330, 331, 332, 333		357, 358, 359, 360, 361		385, 386, 387, 388, 389		413, 414, 415, 416, 417
col2 : 328, 329, 330, 331, 332		356, 357, 358, 359, 360		384, 385, 386, 387, 388		412, 413, 414, 415, 416		440, 441, 442, 443, 444
col3 : 329, 330, 331, 332, 333		357, 358, 359, 360, 361		385, 386, 387, 388, 389		413, 414, 415, 416, 417		441, 442, 443, 444, 445

cycle 71 (Tile at d=5, c=11)
col0 : 302, 303, 304, 305, 306		330, 331, 332, 333, 334		358, 359, 360, 361, 362		386, 387, 388, 389, 390		414, 415, 416, 417, 418
col1 : 303, 304, 305, 306, 307		331, 332, 333, 334, 335		359, 360, 361, 362, 363		387, 388, 389, 390, 391		415, 416, 417, 418, 419
col2 : 330, 331, 332, 333, 334		358, 359, 360, 361, 362		386, 387, 388, 389, 390		414, 415, 416, 417, 418		442, 443, 444, 445, 446
col3 : 331, 332, 333, 334, 335		359, 360, 361, 362, 363		387, 388, 389, 390, 391		415, 416, 417, 418, 419		443, 444, 445, 446, 447

cycle 72 (Tile at d=6, c=0)
col0 : 336, 337, 338, 339, 340		364, 365, 366, 367, 368		392, 393, 394, 395, 396		420, 421, 422, 423, 424		448, 449, 450, 451, 452
col1 : 337, 338, 339, 340, 341		365, 366, 367, 368, 369		393, 394, 395, 396, 397		421, 422, 423, 424, 425		449, 450, 451, 452, 453
col2 : 364, 365, 366, 367, 368		392, 393, 394, 395, 396		420, 421, 422, 423, 424		448, 449, 450, 451, 452		476, 477, 478, 479, 480
col3 : 365, 366, 367, 368, 369		393, 394, 395, 396, 397		421, 422, 423, 424, 425		449, 450, 451, 452, 453		477, 478, 479, 480, 481

cycle 73 (Tile at d=6, c=1)
col0 : 338, 339, 340, 341, 342		366, 367, 368, 369, 370		394, 395, 396, 397, 398		422, 423, 424, 425, 426		450, 451, 452, 453, 454
col1 : 339, 340, 341, 342, 343		367, 368, 369, 370, 371		395, 396, 397, 398, 399		423, 424, 425, 426, 427		451, 452, 453, 454, 455
col2 : 366, 367, 368, 369, 370		394, 395, 396, 397, 398		422, 423, 424, 425, 426		450, 451, 452, 453, 454		478, 479, 480, 481, 482
col3 : 367, 368, 369, 370, 371		395, 396, 397, 398, 399		423, 424, 425, 426, 427		451, 452, 453, 454, 455		479, 480, 481, 482, 483

cycle 74 (Tile at d=6, c=2)
col0 : 340, 341, 342, 343, 344		368, 369, 370, 371, 372		396, 397, 398, 399, 400		424, 425, 426, 427, 428		452, 453, 454, 455, 456
col1 : 341, 342, 343, 344, 345		369, 370, 371, 372, 373		397, 398, 399, 400, 401		425, 426, 427, 428, 429		453, 454, 455, 456, 457
col2 : 368, 369, 370, 371, 372		396, 397, 398, 399, 400		424, 425, 426, 427, 428		452, 453, 454, 455, 456		480, 481, 482, 483, 484
col3 : 369, 370, 371, 372, 373		397, 398, 399, 400, 401		425, 426, 427, 428, 429		453, 454, 455, 456, 457		481, 482, 483, 484, 485

cycle 75 (Tile at d=6, c=3)
col0 : 342, 343, 344, 345, 346		370, 371, 372, 373, 374		398, 399, 400, 401, 402		426, 427, 428, 429, 430		454, 455, 456, 457, 458
col1 : 343, 344, 345, 346, 347		371, 372, 373, 374, 375		399, 400, 401, 402, 403		427, 428, 429, 430, 431		455, 456, 457, 458, 459
col2 : 370, 371, 372, 373, 374		398, 399, 400, 401, 402		426, 427, 428, 429, 430		454, 455, 456, 457, 458		482, 483, 484, 485, 486
col3 : 371, 372, 373, 374, 375		399, 400, 401, 402, 403		427, 428, 429, 430, 431		455, 456, 457, 458, 459		483, 484, 485, 486, 487

cycle 76 (Tile at d=6, c=4)
col0 : 344, 345, 346, 347, 348		372, 373, 374, 375, 376		400, 401, 402, 403, 404		428, 429, 430, 431, 432		456, 457, 458, 459, 460
col1 : 345, 346, 347, 348, 349		373, 374, 375, 376, 377		401, 402, 403, 404, 405		429, 430, 431, 432, 433		457, 458, 459, 460, 461
col2 : 372, 373, 374, 375, 376		400, 401, 402, 403, 404		428, 429, 430, 431, 432		456, 457, 458, 459, 460		484, 485, 486, 487, 488
col3 : 373, 374, 375, 376, 377		401, 402, 403, 404, 405		429, 430, 431, 432, 433		457, 458, 459, 460, 461		485, 486, 487, 488, 489

cycle 77 (Tile at d=6, c=5)
col0 : 346, 347, 348, 349, 350		374, 375, 376, 377, 378		402, 403, 404, 405, 406		430, 431, 432, 433, 434		458, 459, 460, 461, 462
col1 : 347, 348, 349, 350, 351		375, 376, 377, 378, 379		403, 404, 405, 406, 407		431, 432, 433, 434, 435		459, 460, 461, 462, 463
col2 : 374, 375, 376, 377, 378		402, 403, 404, 405, 406		430, 431, 432, 433, 434		458, 459, 460, 461, 462		486, 487, 488, 489, 490
col3 : 375, 376, 377, 378, 379		403, 404, 405, 406, 407		431, 432, 433, 434, 435		459, 460, 461, 462, 463		487, 488, 489, 490, 491

cycle 78 (Tile at d=6, c=6)
col0 : 348, 349, 350, 351, 352		376, 377, 378, 379, 380		404, 405, 406, 407, 408		432, 433, 434, 435, 436		460, 461, 462, 463, 464
col1 : 349, 350, 351, 352, 353		377, 378, 379, 380, 381		405, 406, 407, 408, 409		433, 434, 435, 436, 437		461, 462, 463, 464, 465
col2 : 376, 377, 378, 379, 380		404, 405, 406, 407, 408		432, 433, 434, 435, 436		460, 461, 462, 463, 464		488, 489, 490, 491, 492
col3 : 377, 378, 379, 380, 381		405, 406, 407, 408, 409		433, 434, 435, 436, 437		461, 462, 463, 464, 465		489, 490, 491, 492, 493

cycle 79 (Tile at d=6, c=7)
col0 : 350, 351, 352, 353, 354		378, 379, 380, 381, 382		406, 407, 408, 409, 410		434, 435, 436, 437, 438		462, 463, 464, 465, 466
col1 : 351, 352, 353, 354, 355		379, 380, 381, 382, 383		407, 408, 409, 410, 411		435, 436, 437, 438, 439		463, 464, 465, 466, 467
col2 : 378, 379, 380, 381, 382		406, 407, 408, 409, 410		434, 435, 436, 437, 438		462, 463, 464, 465, 466		490, 491, 492, 493, 494
col3 : 379, 380, 381, 382, 383		407, 408, 409, 410, 411		435, 436, 437, 438, 439		463, 464, 465, 466, 467		491, 492, 493, 494, 495

cycle 80 (Tile at d=6, c=8)
col0 : 352, 353, 354, 355, 356		380, 381, 382, 383, 384		408, 409, 410, 411, 412		436, 437, 438, 439, 440		464, 465, 466, 467, 468
col1 : 353, 354, 355, 356, 357		381, 382, 383, 384, 385		409, 410, 411, 412, 413		437, 438, 439, 440, 441		465, 466, 467, 468, 469
col2 : 380, 381, 382, 383, 384		408, 409, 410, 411, 412		436, 437, 438, 439, 440		464, 465, 466, 467, 468		492, 493, 494, 495, 496
col3 : 381, 382, 383, 384, 385		409, 410, 411, 412, 413		437, 438, 439, 440, 441		465, 466, 467, 468, 469		493, 494, 495, 496, 497

cycle 81 (Tile at d=6, c=9)
col0 : 354, 355, 356, 357, 358		382, 383, 384, 385, 386		410, 411, 412, 413, 414		438, 439, 440, 441, 442		466, 467, 468, 469, 470
col1 : 355, 356, 357, 358, 359		383, 384, 385, 386, 387		411, 412, 413, 414, 415		439, 440, 441, 442, 443		467, 468, 469, 470, 471
col2 : 382, 383, 384, 385, 386		410, 411, 412, 413, 414		438, 439, 440, 441, 442		466, 467, 468, 469, 470		494, 495, 496, 497, 498
col3 : 383, 384, 385, 386, 387		411, 412, 413, 414, 415		439, 440, 441, 442, 443		467, 468, 469, 470, 471		495, 496, 497, 498, 499

cycle 82 (Tile at d=6, c=10)
col0 : 356, 357, 358, 359, 360		384, 385, 386, 387, 388		412, 413, 414, 415, 416		440, 441, 442, 443, 444		468, 469, 470, 471, 472
col1 : 357, 358, 359, 360, 361		385, 386, 387, 388, 389		413, 414, 415, 416, 417		441, 442, 443, 444, 445		469, 470, 471, 472, 473
col2 : 384, 385, 386, 387, 388		412, 413, 414, 415, 416		440, 441, 442, 443, 444		468, 469, 470, 471, 472		496, 497, 498, 499, 500
col3 : 385, 386, 387, 388, 389		413, 414, 415, 416, 417		441, 442, 443, 444, 445		469, 470, 471, 472, 473		497, 498, 499, 500, 501

cycle 83 (Tile at d=6, c=11)
col0 : 358, 359, 360, 361, 362		386, 387, 388, 389, 390		414, 415, 416, 417, 418		442, 443, 444, 445, 446		470, 471, 472, 473, 474
col1 : 359, 360, 361, 362, 363		387, 388, 389, 390, 391		415, 416, 417, 418, 419		443, 444, 445, 446, 447		471, 472, 473, 474, 475
col2 : 386, 387, 388, 389, 390		414, 415, 416, 417, 418		442, 443, 444, 445, 446		470, 471, 472, 473, 474		498, 499, 500, 501, 502
col3 : 387, 388, 389, 390, 391		415, 416, 417, 418, 419		443, 444, 445, 446, 447		471, 472, 473, 474, 475		499, 500, 501, 502, 503

cycle 84 (Tile at d=7, c=0)
col0 : 392, 393, 394, 395, 396		420, 421, 422, 423, 424		448, 449, 450, 451, 452		476, 477, 478, 479, 480		504, 505, 506, 507, 508
col1 : 393, 394, 395, 396, 397		421, 422, 423, 424, 425		449, 450, 451, 452, 453		477, 478, 479, 480, 481		505, 506, 507, 508, 509
col2 : 420, 421, 422, 423, 424		448, 449, 450, 451, 452		476, 477, 478, 479, 480		504, 505, 506, 507, 508		532, 533, 534, 535, 536
col3 : 421, 422, 423, 424, 425		449, 450, 451, 452, 453		477, 478, 479, 480, 481		505, 506, 507, 508, 509		533, 534, 535, 536, 537

cycle 85 (Tile at d=7, c=1)
col0 : 394, 395, 396, 397, 398		422, 423, 424, 425, 426		450, 451, 452, 453, 454		478, 479, 480, 481, 482		506, 507, 508, 509, 510
col1 : 395, 396, 397, 398, 399		423, 424, 425, 426, 427		451, 452, 453, 454, 455		479, 480, 481, 482, 483		507, 508, 509, 510, 511
col2 : 422, 423, 424, 425, 426		450, 451, 452, 453, 454		478, 479, 480, 481, 482		506, 507, 508, 509, 510		534, 535, 536, 537, 538
col3 : 423, 424, 425, 426, 427		451, 452, 453, 454, 455		479, 480, 481, 482, 483		507, 508, 509, 510, 511		535, 536, 537, 538, 539

cycle 86 (Tile at d=7, c=2)
col0 : 396, 397, 398, 399, 400		424, 425, 426, 427, 428		452, 453, 454, 455, 456		480, 481, 482, 483, 484		508, 509, 510, 511, 512
col1 : 397, 398, 399, 400, 401		425, 426, 427, 428, 429		453, 454, 455, 456, 457		481, 482, 483, 484, 485		509, 510, 511, 512, 513
col2 : 424, 425, 426, 427, 428		452, 453, 454, 455, 456		480, 481, 482, 483, 484		508, 509, 510, 511, 512		536, 537, 538, 539, 540
col3 : 425, 426, 427, 428, 429		453, 454, 455, 456, 457		481, 482, 483, 484, 485		509, 510, 511, 512, 513		537, 538, 539, 540, 541

cycle 87 (Tile at d=7, c=3)
col0 : 398, 399, 400, 401, 402		426, 427, 428, 429, 430		454, 455, 456, 457, 458		482, 483, 484, 485, 486		510, 511, 512, 513, 514
col1 : 399, 400, 401, 402, 403		427, 428, 429, 430, 431		455, 456, 457, 458, 459		483, 484, 485, 486, 487		511, 512, 513, 514, 515
col2 : 426, 427, 428, 429, 430		454, 455, 456, 457, 458		482, 483, 484, 485, 486		510, 511, 512, 513, 514		538, 539, 540, 541, 542
col3 : 427, 428, 429, 430, 431		455, 456, 457, 458, 459		483, 484, 485, 486, 487		511, 512, 513, 514, 515		539, 540, 541, 542, 543

cycle 88 (Tile at d=7, c=4)
col0 : 400, 401, 402, 403, 404		428, 429, 430, 431, 432		456, 457, 458, 459, 460		484, 485, 486, 487, 488		512, 513, 514, 515, 516
col1 : 401, 402, 403, 404, 405		429, 430, 431, 432, 433		457, 458, 459, 460, 461		485, 486, 487, 488, 489		513, 514, 515, 516, 517
col2 : 428, 429, 430, 431, 432		456, 457, 458, 459, 460		484, 485, 486, 487, 488		512, 513, 514, 515, 516		540, 541, 542, 543, 544
col3 : 429, 430, 431, 432, 433		457, 458, 459, 460, 461		485, 486, 487, 488, 489		513, 514, 515, 516, 517		541, 542, 543, 544, 545

cycle 89 (Tile at d=7, c=5)
col0 : 402, 403, 404, 405, 406		430, 431, 432, 433, 434		458, 459, 460, 461, 462		486, 487, 488, 489, 490		514, 515, 516, 517, 518
col1 : 403, 404, 405, 406, 407		431, 432, 433, 434, 435		459, 460, 461, 462, 463		487, 488, 489, 490, 491		515, 516, 517, 518, 519
col2 : 430, 431, 432, 433, 434		458, 459, 460, 461, 462		486, 487, 488, 489, 490		514, 515, 516, 517, 518		542, 543, 544, 545, 546
col3 : 431, 432, 433, 434, 435		459, 460, 461, 462, 463		487, 488, 489, 490, 491		515, 516, 517, 518, 519		543, 544, 545, 546, 547

cycle 90 (Tile at d=7, c=6)
col0 : 404, 405, 406, 407, 408		432, 433, 434, 435, 436		460, 461, 462, 463, 464		488, 489, 490, 491, 492		516, 517, 518, 519, 520
col1 : 405, 406, 407, 408, 409		433, 434, 435, 436, 437		461, 462, 463, 464, 465		489, 490, 491, 492, 493		517, 518, 519, 520, 521
col2 : 432, 433, 434, 435, 436		460, 461, 462, 463, 464		488, 489, 490, 491, 492		516, 517, 518, 519, 520		544, 545, 546, 547, 548
col3 : 433, 434, 435, 436, 437		461, 462, 463, 464, 465		489, 490, 491, 492, 493		517, 518, 519, 520, 521		545, 546, 547, 548, 549

cycle 91 (Tile at d=7, c=7)
col0 : 406, 407, 408, 409, 410		434, 435, 436, 437, 438		462, 463, 464, 465, 466		490, 491, 492, 493, 494		518, 519, 520, 521, 522
col1 : 407, 408, 409, 410, 411		435, 436, 437, 438, 439		463, 464, 465, 466, 467		491, 492, 493, 494, 495		519, 520, 521, 522, 523
col2 : 434, 435, 436, 437, 438		462, 463, 464, 465, 466		490, 491, 492, 493, 494		518, 519, 520, 521, 522		546, 547, 548, 549, 550
col3 : 435, 436, 437, 438, 439		463, 464, 465, 466, 467		491, 492, 493, 494, 495		519, 520, 521, 522, 523		547, 548, 549, 550, 551

cycle 92 (Tile at d=7, c=8)
col0 : 408, 409, 410, 411, 412		436, 437, 438, 439, 440		464, 465, 466, 467, 468		492, 493, 494, 495, 496		520, 521, 522, 523, 524
col1 : 409, 410, 411, 412, 413		437, 438, 439, 440, 441		465, 466, 467, 468, 469		493, 494, 495, 496, 497		521, 522, 523, 524, 525
col2 : 436, 437, 438, 439, 440		464, 465, 466, 467, 468		492, 493, 494, 495, 496		520, 521, 522, 523, 524		548, 549, 550, 551, 552
col3 : 437, 438, 439, 440, 441		465, 466, 467, 468, 469		493, 494, 495, 496, 497		521, 522, 523, 524, 525		549, 550, 551, 552, 553

cycle 93 (Tile at d=7, c=9)
col0 : 410, 411, 412, 413, 414		438, 439, 440, 441, 442		466, 467, 468, 469, 470		494, 495, 496, 497, 498		522, 523, 524, 525, 526
col1 : 411, 412, 413, 414, 415		439, 440, 441, 442, 443		467, 468, 469, 470, 471		495, 496, 497, 498, 499		523, 524, 525, 526, 527
col2 : 438, 439, 440, 441, 442		466, 467, 468, 469, 470		494, 495, 496, 497, 498		522, 523, 524, 525, 526		550, 551, 552, 553, 554
col3 : 439, 440, 441, 442, 443		467, 468, 469, 470, 471		495, 496, 497, 498, 499		523, 524, 525, 526, 527		551, 552, 553, 554, 555

cycle 94 (Tile at d=7, c=10)
col0 : 412, 413, 414, 415, 416		440, 441, 442, 443, 444		468, 469, 470, 471, 472		496, 497, 498, 499, 500		524, 525, 526, 527, 528
col1 : 413, 414, 415, 416, 417		441, 442, 443, 444, 445		469, 470, 471, 472, 473		497, 498, 499, 500, 501		525, 526, 527, 528, 529
col2 : 440, 441, 442, 443, 444		468, 469, 470, 471, 472		496, 497, 498, 499, 500		524, 525, 526, 527, 528		552, 553, 554, 555, 556
col3 : 441, 442, 443, 444, 445		469, 470, 471, 472, 473		497, 498, 499, 500, 501		525, 526, 527, 528, 529		553, 554, 555, 556, 557

cycle 95 (Tile at d=7, c=11)
col0 : 414, 415, 416, 417, 418		442, 443, 444, 445, 446		470, 471, 472, 473, 474		498, 499, 500, 501, 502		526, 527, 528, 529, 530
col1 : 415, 416, 417, 418, 419		443, 444, 445, 446, 447		471, 472, 473, 474, 475		499, 500, 501, 502, 503		527, 528, 529, 530, 531
col2 : 442, 443, 444, 445, 446		470, 471, 472, 473, 474		498, 499, 500, 501, 502		526, 527, 528, 529, 530		554, 555, 556, 557, 558
col3 : 443, 444, 445, 446, 447		471, 472, 473, 474, 475		499, 500, 501, 502, 503		527, 528, 529, 530, 531		555, 556, 557, 558, 559

cycle 96 (Tile at d=8, c=0)
col0 : 448, 449, 450, 451, 452		476, 477, 478, 479, 480		504, 505, 506, 507, 508		532, 533, 534, 535, 536		560, 561, 562, 563, 564
col1 : 449, 450, 451, 452, 453		477, 478, 479, 480, 481		505, 506, 507, 508, 509		533, 534, 535, 536, 537		561, 562, 563, 564, 565
col2 : 476, 477, 478, 479, 480		504, 505, 506, 507, 508		532, 533, 534, 535, 536		560, 561, 562, 563, 564		588, 589, 590, 591, 592
col3 : 477, 478, 479, 480, 481		505, 506, 507, 508, 509		533, 534, 535, 536, 537		561, 562, 563, 564, 565		589, 590, 591, 592, 593

cycle 97 (Tile at d=8, c=1)
col0 : 450, 451, 452, 453, 454		478, 479, 480, 481, 482		506, 507, 508, 509, 510		534, 535, 536, 537, 538		562, 563, 564, 565, 566
col1 : 451, 452, 453, 454, 455		479, 480, 481, 482, 483		507, 508, 509, 510, 511		535, 536, 537, 538, 539		563, 564, 565, 566, 567
col2 : 478, 479, 480, 481, 482		506, 507, 508, 509, 510		534, 535, 536, 537, 538		562, 563, 564, 565, 566		590, 591, 592, 593, 594
col3 : 479, 480, 481, 482, 483		507, 508, 509, 510, 511		535, 536, 537, 538, 539		563, 564, 565, 566, 567		591, 592, 593, 594, 595

cycle 98 (Tile at d=8, c=2)
col0 : 452, 453, 454, 455, 456		480, 481, 482, 483, 484		508, 509, 510, 511, 512		536, 537, 538, 539, 540		564, 565, 566, 567, 568
col1 : 453, 454, 455, 456, 457		481, 482, 483, 484, 485		509, 510, 511, 512, 513		537, 538, 539, 540, 541		565, 566, 567, 568, 569
col2 : 480, 481, 482, 483, 484		508, 509, 510, 511, 512		536, 537, 538, 539, 540		564, 565, 566, 567, 568		592, 593, 594, 595, 596
col3 : 481, 482, 483, 484, 485		509, 510, 511, 512, 513		537, 538, 539, 540, 541		565, 566, 567, 568, 569		593, 594, 595, 596, 597

cycle 99 (Tile at d=8, c=3)
col0 : 454, 455, 456, 457, 458		482, 483, 484, 485, 486		510, 511, 512, 513, 514		538, 539, 540, 541, 542		566, 567, 568, 569, 570
col1 : 455, 456, 457, 458, 459		483, 484, 485, 486, 487		511, 512, 513, 514, 515		539, 540, 541, 542, 543		567, 568, 569, 570, 571
col2 : 482, 483, 484, 485, 486		510, 511, 512, 513, 514		538, 539, 540, 541, 542		566, 567, 568, 569, 570		594, 595, 596, 597, 598
col3 : 483, 484, 485, 486, 487		511, 512, 513, 514, 515		539, 540, 541, 542, 543		567, 568, 569, 570, 571		595, 596, 597, 598, 599

cycle 100 (Tile at d=8, c=4)
col0 : 456, 457, 458, 459, 460		484, 485, 486, 487, 488		512, 513, 514, 515, 516		540, 541, 542, 543, 544		568, 569, 570, 571, 572
col1 : 457, 458, 459, 460, 461		485, 486, 487, 488, 489		513, 514, 515, 516, 517		541, 542, 543, 544, 545		569, 570, 571, 572, 573
col2 : 484, 485, 486, 487, 488		512, 513, 514, 515, 516		540, 541, 542, 543, 544		568, 569, 570, 571, 572		596, 597, 598, 599, 600
col3 : 485, 486, 487, 488, 489		513, 514, 515, 516, 517		541, 542, 543, 544, 545		569, 570, 571, 572, 573		597, 598, 599, 600, 601

cycle 101 (Tile at d=8, c=5)
col0 : 458, 459, 460, 461, 462		486, 487, 488, 489, 490		514, 515, 516, 517, 518		542, 543, 544, 545, 546		570, 571, 572, 573, 574
col1 : 459, 460, 461, 462, 463		487, 488, 489, 490, 491		515, 516, 517, 518, 519		543, 544, 545, 546, 547		571, 572, 573, 574, 575
col2 : 486, 487, 488, 489, 490		514, 515, 516, 517, 518		542, 543, 544, 545, 546		570, 571, 572, 573, 574		598, 599, 600, 601, 602
col3 : 487, 488, 489, 490, 491		515, 516, 517, 518, 519		543, 544, 545, 546, 547		571, 572, 573, 574, 575		599, 600, 601, 602, 603

cycle 102 (Tile at d=8, c=6)
col0 : 460, 461, 462, 463, 464		488, 489, 490, 491, 492		516, 517, 518, 519, 520		544, 545, 546, 547, 548		572, 573, 574, 575, 576
col1 : 461, 462, 463, 464, 465		489, 490, 491, 492, 493		517, 518, 519, 520, 521		545, 546, 547, 548, 549		573, 574, 575, 576, 577
col2 : 488, 489, 490, 491, 492		516, 517, 518, 519, 520		544, 545, 546, 547, 548		572, 573, 574, 575, 576		600, 601, 602, 603, 604
col3 : 489, 490, 491, 492, 493		517, 518, 519, 520, 521		545, 546, 547, 548, 549		573, 574, 575, 576, 577		601, 602, 603, 604, 605

cycle 103 (Tile at d=8, c=7)
col0 : 462, 463, 464, 465, 466		490, 491, 492, 493, 494		518, 519, 520, 521, 522		546, 547, 548, 549, 550		574, 575, 576, 577, 578
col1 : 463, 464, 465, 466, 467		491, 492, 493, 494, 495		519, 520, 521, 522, 523		547, 548, 549, 550, 551		575, 576, 577, 578, 579
col2 : 490, 491, 492, 493, 494		518, 519, 520, 521, 522		546, 547, 548, 549, 550		574, 575, 576, 577, 578		602, 603, 604, 605, 606
col3 : 491, 492, 493, 494, 495		519, 520, 521, 522, 523		547, 548, 549, 550, 551		575, 576, 577, 578, 579		603, 604, 605, 606, 607

cycle 104 (Tile at d=8, c=8)
col0 : 464, 465, 466, 467, 468		492, 493, 494, 495, 496		520, 521, 522, 523, 524		548, 549, 550, 551, 552		576, 577, 578, 579, 580
col1 : 465, 466, 467, 468, 469		493, 494, 495, 496, 497		521, 522, 523, 524, 525		549, 550, 551, 552, 553		577, 578, 579, 580, 581
col2 : 492, 493, 494, 495, 496		520, 521, 522, 523, 524		548, 549, 550, 551, 552		576, 577, 578, 579, 580		604, 605, 606, 607, 608
col3 : 493, 494, 495, 496, 497		521, 522, 523, 524, 525		549, 550, 551, 552, 553		577, 578, 579, 580, 581		605, 606, 607, 608, 609

cycle 105 (Tile at d=8, c=9)
col0 : 466, 467, 468, 469, 470		494, 495, 496, 497, 498		522, 523, 524, 525, 526		550, 551, 552, 553, 554		578, 579, 580, 581, 582
col1 : 467, 468, 469, 470, 471		495, 496, 497, 498, 499		523, 524, 525, 526, 527		551, 552, 553, 554, 555		579, 580, 581, 582, 583
col2 : 494, 495, 496, 497, 498		522, 523, 524, 525, 526		550, 551, 552, 553, 554		578, 579, 580, 581, 582		606, 607, 608, 609, 610
col3 : 495, 496, 497, 498, 499		523, 524, 525, 526, 527		551, 552, 553, 554, 555		579, 580, 581, 582, 583		607, 608, 609, 610, 611

cycle 106 (Tile at d=8, c=10)
col0 : 468, 469, 470, 471, 472		496, 497, 498, 499, 500		524, 525, 526, 527, 528		552, 553, 554, 555, 556		580, 581, 582, 583, 584
col1 : 469, 470, 471, 472, 473		497, 498, 499, 500, 501		525, 526, 527, 528, 529		553, 554, 555, 556, 557		581, 582, 583, 584, 585
col2 : 496, 497, 498, 499, 500		524, 525, 526, 527, 528		552, 553, 554, 555, 556		580, 581, 582, 583, 584		608, 609, 610, 611, 612
col3 : 497, 498, 499, 500, 501		525, 526, 527, 528, 529		553, 554, 555, 556, 557		581, 582, 583, 584, 585		609, 610, 611, 612, 613

cycle 107 (Tile at d=8, c=11)
col0 : 470, 471, 472, 473, 474		498, 499, 500, 501, 502		526, 527, 528, 529, 530		554, 555, 556, 557, 558		582, 583, 584, 585, 586
col1 : 471, 472, 473, 474, 475		499, 500, 501, 502, 503		527, 528, 529, 530, 531		555, 556, 557, 558, 559		583, 584, 585, 586, 587
col2 : 498, 499, 500, 501, 502		526, 527, 528, 529, 530		554, 555, 556, 557, 558		582, 583, 584, 585, 586		610, 611, 612, 613, 614
col3 : 499, 500, 501, 502, 503		527, 528, 529, 530, 531		555, 556, 557, 558, 559		583, 584, 585, 586, 587		611, 612, 613, 614, 615

cycle 108 (Tile at d=9, c=0)
col0 : 504, 505, 506, 507, 508		532, 533, 534, 535, 536		560, 561, 562, 563, 564		588, 589, 590, 591, 592		616, 617, 618, 619, 620
col1 : 505, 506, 507, 508, 509		533, 534, 535, 536, 537		561, 562, 563, 564, 565		589, 590, 591, 592, 593		617, 618, 619, 620, 621
col2 : 532, 533, 534, 535, 536		560, 561, 562, 563, 564		588, 589, 590, 591, 592		616, 617, 618, 619, 620		644, 645, 646, 647, 648
col3 : 533, 534, 535, 536, 537		561, 562, 563, 564, 565		589, 590, 591, 592, 593		617, 618, 619, 620, 621		645, 646, 647, 648, 649

cycle 109 (Tile at d=9, c=1)
col0 : 506, 507, 508, 509, 510		534, 535, 536, 537, 538		562, 563, 564, 565, 566		590, 591, 592, 593, 594		618, 619, 620, 621, 622
col1 : 507, 508, 509, 510, 511		535, 536, 537, 538, 539		563, 564, 565, 566, 567		591, 592, 593, 594, 595		619, 620, 621, 622, 623
col2 : 534, 535, 536, 537, 538		562, 563, 564, 565, 566		590, 591, 592, 593, 594		618, 619, 620, 621, 622		646, 647, 648, 649, 650
col3 : 535, 536, 537, 538, 539		563, 564, 565, 566, 567		591, 592, 593, 594, 595		619, 620, 621, 622, 623		647, 648, 649, 650, 651

cycle 110 (Tile at d=9, c=2)
col0 : 508, 509, 510, 511, 512		536, 537, 538, 539, 540		564, 565, 566, 567, 568		592, 593, 594, 595, 596		620, 621, 622, 623, 624
col1 : 509, 510, 511, 512, 513		537, 538, 539, 540, 541		565, 566, 567, 568, 569		593, 594, 595, 596, 597		621, 622, 623, 624, 625
col2 : 536, 537, 538, 539, 540		564, 565, 566, 567, 568		592, 593, 594, 595, 596		620, 621, 622, 623, 624		648, 649, 650, 651, 652
col3 : 537, 538, 539, 540, 541		565, 566, 567, 568, 569		593, 594, 595, 596, 597		621, 622, 623, 624, 625		649, 650, 651, 652, 653

cycle 111 (Tile at d=9, c=3)
col0 : 510, 511, 512, 513, 514		538, 539, 540, 541, 542		566, 567, 568, 569, 570		594, 595, 596, 597, 598		622, 623, 624, 625, 626
col1 : 511, 512, 513, 514, 515		539, 540, 541, 542, 543		567, 568, 569, 570, 571		595, 596, 597, 598, 599		623, 624, 625, 626, 627
col2 : 538, 539, 540, 541, 542		566, 567, 568, 569, 570		594, 595, 596, 597, 598		622, 623, 624, 625, 626		650, 651, 652, 653, 654
col3 : 539, 540, 541, 542, 543		567, 568, 569, 570, 571		595, 596, 597, 598, 599		623, 624, 625, 626, 627		651, 652, 653, 654, 655

cycle 112 (Tile at d=9, c=4)
col0 : 512, 513, 514, 515, 516		540, 541, 542, 543, 544		568, 569, 570, 571, 572		596, 597, 598, 599, 600		624, 625, 626, 627, 628
col1 : 513, 514, 515, 516, 517		541, 542, 543, 544, 545		569, 570, 571, 572, 573		597, 598, 599, 600, 601		625, 626, 627, 628, 629
col2 : 540, 541, 542, 543, 544		568, 569, 570, 571, 572		596, 597, 598, 599, 600		624, 625, 626, 627, 628		652, 653, 654, 655, 656
col3 : 541, 542, 543, 544, 545		569, 570, 571, 572, 573		597, 598, 599, 600, 601		625, 626, 627, 628, 629		653, 654, 655, 656, 657

cycle 113 (Tile at d=9, c=5)
col0 : 514, 515, 516, 517, 518		542, 543, 544, 545, 546		570, 571, 572, 573, 574		598, 599, 600, 601, 602		626, 627, 628, 629, 630
col1 : 515, 516, 517, 518, 519		543, 544, 545, 546, 547		571, 572, 573, 574, 575		599, 600, 601, 602, 603		627, 628, 629, 630, 631
col2 : 542, 543, 544, 545, 546		570, 571, 572, 573, 574		598, 599, 600, 601, 602		626, 627, 628, 629, 630		654, 655, 656, 657, 658
col3 : 543, 544, 545, 546, 547		571, 572, 573, 574, 575		599, 600, 601, 602, 603		627, 628, 629, 630, 631		655, 656, 657, 658, 659

cycle 114 (Tile at d=9, c=6)
col0 : 516, 517, 518, 519, 520		544, 545, 546, 547, 548		572, 573, 574, 575, 576		600, 601, 602, 603, 604		628, 629, 630, 631, 632
col1 : 517, 518, 519, 520, 521		545, 546, 547, 548, 549		573, 574, 575, 576, 577		601, 602, 603, 604, 605		629, 630, 631, 632, 633
col2 : 544, 545, 546, 547, 548		572, 573, 574, 575, 576		600, 601, 602, 603, 604		628, 629, 630, 631, 632		656, 657, 658, 659, 660
col3 : 545, 546, 547, 548, 549		573, 574, 575, 576, 577		601, 602, 603, 604, 605		629, 630, 631, 632, 633		657, 658, 659, 660, 661

cycle 115 (Tile at d=9, c=7)
col0 : 518, 519, 520, 521, 522		546, 547, 548, 549, 550		574, 575, 576, 577, 578		602, 603, 604, 605, 606		630, 631, 632, 633, 634
col1 : 519, 520, 521, 522, 523		547, 548, 549, 550, 551		575, 576, 577, 578, 579		603, 604, 605, 606, 607		631, 632, 633, 634, 635
col2 : 546, 547, 548, 549, 550		574, 575, 576, 577, 578		602, 603, 604, 605, 606		630, 631, 632, 633, 634		658, 659, 660, 661, 662
col3 : 547, 548, 549, 550, 551		575, 576, 577, 578, 579		603, 604, 605, 606, 607		631, 632, 633, 634, 635		659, 660, 661, 662, 663

cycle 116 (Tile at d=9, c=8)
col0 : 520, 521, 522, 523, 524		548, 549, 550, 551, 552		576, 577, 578, 579, 580		604, 605, 606, 607, 608		632, 633, 634, 635, 636
col1 : 521, 522, 523, 524, 525		549, 550, 551, 552, 553		577, 578, 579, 580, 581		605, 606, 607, 608, 609		633, 634, 635, 636, 637
col2 : 548, 549, 550, 551, 552		576, 577, 578, 579, 580		604, 605, 606, 607, 608		632, 633, 634, 635, 636		660, 661, 662, 663, 664
col3 : 549, 550, 551, 552, 553		577, 578, 579, 580, 581		605, 606, 607, 608, 609		633, 634, 635, 636, 637		661, 662, 663, 664, 665

cycle 117 (Tile at d=9, c=9)
col0 : 522, 523, 524, 525, 526		550, 551, 552, 553, 554		578, 579, 580, 581, 582		606, 607, 608, 609, 610		634, 635, 636, 637, 638
col1 : 523, 524, 525, 526, 527		551, 552, 553, 554, 555		579, 580, 581, 582, 583		607, 608, 609, 610, 611		635, 636, 637, 638, 639
col2 : 550, 551, 552, 553, 554		578, 579, 580, 581, 582		606, 607, 608, 609, 610		634, 635, 636, 637, 638		662, 663, 664, 665, 666
col3 : 551, 552, 553, 554, 555		579, 580, 581, 582, 583		607, 608, 609, 610, 611		635, 636, 637, 638, 639		663, 664, 665, 666, 667

cycle 118 (Tile at d=9, c=10)
col0 : 524, 525, 526, 527, 528		552, 553, 554, 555, 556		580, 581, 582, 583, 584		608, 609, 610, 611, 612		636, 637, 638, 639, 640
col1 : 525, 526, 527, 528, 529		553, 554, 555, 556, 557		581, 582, 583, 584, 585		609, 610, 611, 612, 613		637, 638, 639, 640, 641
col2 : 552, 553, 554, 555, 556		580, 581, 582, 583, 584		608, 609, 610, 611, 612		636, 637, 638, 639, 640		664, 665, 666, 667, 668
col3 : 553, 554, 555, 556, 557		581, 582, 583, 584, 585		609, 610, 611, 612, 613		637, 638, 639, 640, 641		665, 666, 667, 668, 669

cycle 119 (Tile at d=9, c=11)
col0 : 526, 527, 528, 529, 530		554, 555, 556, 557, 558		582, 583, 584, 585, 586		610, 611, 612, 613, 614		638, 639, 640, 641, 642
col1 : 527, 528, 529, 530, 531		555, 556, 557, 558, 559		583, 584, 585, 586, 587		611, 612, 613, 614, 615		639, 640, 641, 642, 643
col2 : 554, 555, 556, 557, 558		582, 583, 584, 585, 586		610, 611, 612, 613, 614		638, 639, 640, 641, 642		666, 667, 668, 669, 670
col3 : 555, 556, 557, 558, 559		583, 584, 585, 586, 587		611, 612, 613, 614, 615		639, 640, 641, 642, 643		667, 668, 669, 670, 671

cycle 120 (Tile at d=10, c=0)
col0 : 560, 561, 562, 563, 564		588, 589, 590, 591, 592		616, 617, 618, 619, 620		644, 645, 646, 647, 648		672, 673, 674, 675, 676
col1 : 561, 562, 563, 564, 565		589, 590, 591, 592, 593		617, 618, 619, 620, 621		645, 646, 647, 648, 649		673, 674, 675, 676, 677
col2 : 588, 589, 590, 591, 592		616, 617, 618, 619, 620		644, 645, 646, 647, 648		672, 673, 674, 675, 676		700, 701, 702, 703, 704
col3 : 589, 590, 591, 592, 593		617, 618, 619, 620, 621		645, 646, 647, 648, 649		673, 674, 675, 676, 677		701, 702, 703, 704, 705

cycle 121 (Tile at d=10, c=1)
col0 : 562, 563, 564, 565, 566		590, 591, 592, 593, 594		618, 619, 620, 621, 622		646, 647, 648, 649, 650		674, 675, 676, 677, 678
col1 : 563, 564, 565, 566, 567		591, 592, 593, 594, 595		619, 620, 621, 622, 623		647, 648, 649, 650, 651		675, 676, 677, 678, 679
col2 : 590, 591, 592, 593, 594		618, 619, 620, 621, 622		646, 647, 648, 649, 650		674, 675, 676, 677, 678		702, 703, 704, 705, 706
col3 : 591, 592, 593, 594, 595		619, 620, 621, 622, 623		647, 648, 649, 650, 651		675, 676, 677, 678, 679		703, 704, 705, 706, 707

cycle 122 (Tile at d=10, c=2)
col0 : 564, 565, 566, 567, 568		592, 593, 594, 595, 596		620, 621, 622, 623, 624		648, 649, 650, 651, 652		676, 677, 678, 679, 680
col1 : 565, 566, 567, 568, 569		593, 594, 595, 596, 597		621, 622, 623, 624, 625		649, 650, 651, 652, 653		677, 678, 679, 680, 681
col2 : 592, 593, 594, 595, 596		620, 621, 622, 623, 624		648, 649, 650, 651, 652		676, 677, 678, 679, 680		704, 705, 706, 707, 708
col3 : 593, 594, 595, 596, 597		621, 622, 623, 624, 625		649, 650, 651, 652, 653		677, 678, 679, 680, 681		705, 706, 707, 708, 709

cycle 123 (Tile at d=10, c=3)
col0 : 566, 567, 568, 569, 570		594, 595, 596, 597, 598		622, 623, 624, 625, 626		650, 651, 652, 653, 654		678, 679, 680, 681, 682
col1 : 567, 568, 569, 570, 571		595, 596, 597, 598, 599		623, 624, 625, 626, 627		651, 652, 653, 654, 655		679, 680, 681, 682, 683
col2 : 594, 595, 596, 597, 598		622, 623, 624, 625, 626		650, 651, 652, 653, 654		678, 679, 680, 681, 682		706, 707, 708, 709, 710
col3 : 595, 596, 597, 598, 599		623, 624, 625, 626, 627		651, 652, 653, 654, 655		679, 680, 681, 682, 683		707, 708, 709, 710, 711

cycle 124 (Tile at d=10, c=4)
col0 : 568, 569, 570, 571, 572		596, 597, 598, 599, 600		624, 625, 626, 627, 628		652, 653, 654, 655, 656		680, 681, 682, 683, 684
col1 : 569, 570, 571, 572, 573		597, 598, 599, 600, 601		625, 626, 627, 628, 629		653, 654, 655, 656, 657		681, 682, 683, 684, 685
col2 : 596, 597, 598, 599, 600		624, 625, 626, 627, 628		652, 653, 654, 655, 656		680, 681, 682, 683, 684		708, 709, 710, 711, 712
col3 : 597, 598, 599, 600, 601		625, 626, 627, 628, 629		653, 654, 655, 656, 657		681, 682, 683, 684, 685		709, 710, 711, 712, 713

cycle 125 (Tile at d=10, c=5)
col0 : 570, 571, 572, 573, 574		598, 599, 600, 601, 602		626, 627, 628, 629, 630		654, 655, 656, 657, 658		682, 683, 684, 685, 686
col1 : 571, 572, 573, 574, 575		599, 600, 601, 602, 603		627, 628, 629, 630, 631		655, 656, 657, 658, 659		683, 684, 685, 686, 687
col2 : 598, 599, 600, 601, 602		626, 627, 628, 629, 630		654, 655, 656, 657, 658		682, 683, 684, 685, 686		710, 711, 712, 713, 714
col3 : 599, 600, 601, 602, 603		627, 628, 629, 630, 631		655, 656, 657, 658, 659		683, 684, 685, 686, 687		711, 712, 713, 714, 715

cycle 126 (Tile at d=10, c=6)
col0 : 572, 573, 574, 575, 576		600, 601, 602, 603, 604		628, 629, 630, 631, 632		656, 657, 658, 659, 660		684, 685, 686, 687, 688
col1 : 573, 574, 575, 576, 577		601, 602, 603, 604, 605		629, 630, 631, 632, 633		657, 658, 659, 660, 661		685, 686, 687, 688, 689
col2 : 600, 601, 602, 603, 604		628, 629, 630, 631, 632		656, 657, 658, 659, 660		684, 685, 686, 687, 688		712, 713, 714, 715, 716
col3 : 601, 602, 603, 604, 605		629, 630, 631, 632, 633		657, 658, 659, 660, 661		685, 686, 687, 688, 689		713, 714, 715, 716, 717

cycle 127 (Tile at d=10, c=7)
col0 : 574, 575, 576, 577, 578		602, 603, 604, 605, 606		630, 631, 632, 633, 634		658, 659, 660, 661, 662		686, 687, 688, 689, 690
col1 : 575, 576, 577, 578, 579		603, 604, 605, 606, 607		631, 632, 633, 634, 635		659, 660, 661, 662, 663		687, 688, 689, 690, 691
col2 : 602, 603, 604, 605, 606		630, 631, 632, 633, 634		658, 659, 660, 661, 662		686, 687, 688, 689, 690		714, 715, 716, 717, 718
col3 : 603, 604, 605, 606, 607		631, 632, 633, 634, 635		659, 660, 661, 662, 663		687, 688, 689, 690, 691		715, 716, 717, 718, 719

cycle 128 (Tile at d=10, c=8)
col0 : 576, 577, 578, 579, 580		604, 605, 606, 607, 608		632, 633, 634, 635, 636		660, 661, 662, 663, 664		688, 689, 690, 691, 692
col1 : 577, 578, 579, 580, 581		605, 606, 607, 608, 609		633, 634, 635, 636, 637		661, 662, 663, 664, 665		689, 690, 691, 692, 693
col2 : 604, 605, 606, 607, 608		632, 633, 634, 635, 636		660, 661, 662, 663, 664		688, 689, 690, 691, 692		716, 717, 718, 719, 720
col3 : 605, 606, 607, 608, 609		633, 634, 635, 636, 637		661, 662, 663, 664, 665		689, 690, 691, 692, 693		717, 718, 719, 720, 721

cycle 129 (Tile at d=10, c=9)
col0 : 578, 579, 580, 581, 582		606, 607, 608, 609, 610		634, 635, 636, 637, 638		662, 663, 664, 665, 666		690, 691, 692, 693, 694
col1 : 579, 580, 581, 582, 583		607, 608, 609, 610, 611		635, 636, 637, 638, 639		663, 664, 665, 666, 667		691, 692, 693, 694, 695
col2 : 606, 607, 608, 609, 610		634, 635, 636, 637, 638		662, 663, 664, 665, 666		690, 691, 692, 693, 694		718, 719, 720, 721, 722
col3 : 607, 608, 609, 610, 611		635, 636, 637, 638, 639		663, 664, 665, 666, 667		691, 692, 693, 694, 695		719, 720, 721, 722, 723

cycle 130 (Tile at d=10, c=10)
col0 : 580, 581, 582, 583, 584		608, 609, 610, 611, 612		636, 637, 638, 639, 640		664, 665, 666, 667, 668		692, 693, 694, 695, 696
col1 : 581, 582, 583, 584, 585		609, 610, 611, 612, 613		637, 638, 639, 640, 641		665, 666, 667, 668, 669		693, 694, 695, 696, 697
col2 : 608, 609, 610, 611, 612		636, 637, 638, 639, 640		664, 665, 666, 667, 668		692, 693, 694, 695, 696		720, 721, 722, 723, 724
col3 : 609, 610, 611, 612, 613		637, 638, 639, 640, 641		665, 666, 667, 668, 669		693, 694, 695, 696, 697		721, 722, 723, 724, 725

cycle 131 (Tile at d=10, c=11)
col0 : 582, 583, 584, 585, 586		610, 611, 612, 613, 614		638, 639, 640, 641, 642		666, 667, 668, 669, 670		694, 695, 696, 697, 698
col1 : 583, 584, 585, 586, 587		611, 612, 613, 614, 615		639, 640, 641, 642, 643		667, 668, 669, 670, 671		695, 696, 697, 698, 699
col2 : 610, 611, 612, 613, 614		638, 639, 640, 641, 642		666, 667, 668, 669, 670		694, 695, 696, 697, 698		722, 723, 724, 725, 726
col3 : 611, 612, 613, 614, 615		639, 640, 641, 642, 643		667, 668, 669, 670, 671		695, 696, 697, 698, 699		723, 724, 725, 726, 727

cycle 132 (Tile at d=11, c=0)
col0 : 616, 617, 618, 619, 620		644, 645, 646, 647, 648		672, 673, 674, 675, 676		700, 701, 702, 703, 704		728, 729, 730, 731, 732
col1 : 617, 618, 619, 620, 621		645, 646, 647, 648, 649		673, 674, 675, 676, 677		701, 702, 703, 704, 705		729, 730, 731, 732, 733
col2 : 644, 645, 646, 647, 648		672, 673, 674, 675, 676		700, 701, 702, 703, 704		728, 729, 730, 731, 732		756, 757, 758, 759, 760
col3 : 645, 646, 647, 648, 649		673, 674, 675, 676, 677		701, 702, 703, 704, 705		729, 730, 731, 732, 733		757, 758, 759, 760, 761

cycle 133 (Tile at d=11, c=1)
col0 : 618, 619, 620, 621, 622		646, 647, 648, 649, 650		674, 675, 676, 677, 678		702, 703, 704, 705, 706		730, 731, 732, 733, 734
col1 : 619, 620, 621, 622, 623		647, 648, 649, 650, 651		675, 676, 677, 678, 679		703, 704, 705, 706, 707		731, 732, 733, 734, 735
col2 : 646, 647, 648, 649, 650		674, 675, 676, 677, 678		702, 703, 704, 705, 706		730, 731, 732, 733, 734		758, 759, 760, 761, 762
col3 : 647, 648, 649, 650, 651		675, 676, 677, 678, 679		703, 704, 705, 706, 707		731, 732, 733, 734, 735		759, 760, 761, 762, 763

cycle 134 (Tile at d=11, c=2)
col0 : 620, 621, 622, 623, 624		648, 649, 650, 651, 652		676, 677, 678, 679, 680		704, 705, 706, 707, 708		732, 733, 734, 735, 736
col1 : 621, 622, 623, 624, 625		649, 650, 651, 652, 653		677, 678, 679, 680, 681		705, 706, 707, 708, 709		733, 734, 735, 736, 737
col2 : 648, 649, 650, 651, 652		676, 677, 678, 679, 680		704, 705, 706, 707, 708		732, 733, 734, 735, 736		760, 761, 762, 763, 764
col3 : 649, 650, 651, 652, 653		677, 678, 679, 680, 681		705, 706, 707, 708, 709		733, 734, 735, 736, 737		761, 762, 763, 764, 765

cycle 135 (Tile at d=11, c=3)
col0 : 622, 623, 624, 625, 626		650, 651, 652, 653, 654		678, 679, 680, 681, 682		706, 707, 708, 709, 710		734, 735, 736, 737, 738
col1 : 623, 624, 625, 626, 627		651, 652, 653, 654, 655		679, 680, 681, 682, 683		707, 708, 709, 710, 711		735, 736, 737, 738, 739
col2 : 650, 651, 652, 653, 654		678, 679, 680, 681, 682		706, 707, 708, 709, 710		734, 735, 736, 737, 738		762, 763, 764, 765, 766
col3 : 651, 652, 653, 654, 655		679, 680, 681, 682, 683		707, 708, 709, 710, 711		735, 736, 737, 738, 739		763, 764, 765, 766, 767

cycle 136 (Tile at d=11, c=4)
col0 : 624, 625, 626, 627, 628		652, 653, 654, 655, 656		680, 681, 682, 683, 684		708, 709, 710, 711, 712		736, 737, 738, 739, 740
col1 : 625, 626, 627, 628, 629		653, 654, 655, 656, 657		681, 682, 683, 684, 685		709, 710, 711, 712, 713		737, 738, 739, 740, 741
col2 : 652, 653, 654, 655, 656		680, 681, 682, 683, 684		708, 709, 710, 711, 712		736, 737, 738, 739, 740		764, 765, 766, 767, 768
col3 : 653, 654, 655, 656, 657		681, 682, 683, 684, 685		709, 710, 711, 712, 713		737, 738, 739, 740, 741		765, 766, 767, 768, 769

cycle 137 (Tile at d=11, c=5)
col0 : 626, 627, 628, 629, 630		654, 655, 656, 657, 658		682, 683, 684, 685, 686		710, 711, 712, 713, 714		738, 739, 740, 741, 742
col1 : 627, 628, 629, 630, 631		655, 656, 657, 658, 659		683, 684, 685, 686, 687		711, 712, 713, 714, 715		739, 740, 741, 742, 743
col2 : 654, 655, 656, 657, 658		682, 683, 684, 685, 686		710, 711, 712, 713, 714		738, 739, 740, 741, 742		766, 767, 768, 769, 770
col3 : 655, 656, 657, 658, 659		683, 684, 685, 686, 687		711, 712, 713, 714, 715		739, 740, 741, 742, 743		767, 768, 769, 770, 771

cycle 138 (Tile at d=11, c=6)
col0 : 628, 629, 630, 631, 632		656, 657, 658, 659, 660		684, 685, 686, 687, 688		712, 713, 714, 715, 716		740, 741, 742, 743, 744
col1 : 629, 630, 631, 632, 633		657, 658, 659, 660, 661		685, 686, 687, 688, 689		713, 714, 715, 716, 717		741, 742, 743, 744, 745
col2 : 656, 657, 658, 659, 660		684, 685, 686, 687, 688		712, 713, 714, 715, 716		740, 741, 742, 743, 744		768, 769, 770, 771, 772
col3 : 657, 658, 659, 660, 661		685, 686, 687, 688, 689		713, 714, 715, 716, 717		741, 742, 743, 744, 745		769, 770, 771, 772, 773

cycle 139 (Tile at d=11, c=7)
col0 : 630, 631, 632, 633, 634		658, 659, 660, 661, 662		686, 687, 688, 689, 690		714, 715, 716, 717, 718		742, 743, 744, 745, 746
col1 : 631, 632, 633, 634, 635		659, 660, 661, 662, 663		687, 688, 689, 690, 691		715, 716, 717, 718, 719		743, 744, 745, 746, 747
col2 : 658, 659, 660, 661, 662		686, 687, 688, 689, 690		714, 715, 716, 717, 718		742, 743, 744, 745, 746		770, 771, 772, 773, 774
col3 : 659, 660, 661, 662, 663		687, 688, 689, 690, 691		715, 716, 717, 718, 719		743, 744, 745, 746, 747		771, 772, 773, 774, 775

cycle 140 (Tile at d=11, c=8)
col0 : 632, 633, 634, 635, 636		660, 661, 662, 663, 664		688, 689, 690, 691, 692		716, 717, 718, 719, 720		744, 745, 746, 747, 748
col1 : 633, 634, 635, 636, 637		661, 662, 663, 664, 665		689, 690, 691, 692, 693		717, 718, 719, 720, 721		745, 746, 747, 748, 749
col2 : 660, 661, 662, 663, 664		688, 689, 690, 691, 692		716, 717, 718, 719, 720		744, 745, 746, 747, 748		772, 773, 774, 775, 776
col3 : 661, 662, 663, 664, 665		689, 690, 691, 692, 693		717, 718, 719, 720, 721		745, 746, 747, 748, 749		773, 774, 775, 776, 777

cycle 141 (Tile at d=11, c=9)
col0 : 634, 635, 636, 637, 638		662, 663, 664, 665, 666		690, 691, 692, 693, 694		718, 719, 720, 721, 722		746, 747, 748, 749, 750
col1 : 635, 636, 637, 638, 639		663, 664, 665, 666, 667		691, 692, 693, 694, 695		719, 720, 721, 722, 723		747, 748, 749, 750, 751
col2 : 662, 663, 664, 665, 666		690, 691, 692, 693, 694		718, 719, 720, 721, 722		746, 747, 748, 749, 750		774, 775, 776, 777, 778
col3 : 663, 664, 665, 666, 667		691, 692, 693, 694, 695		719, 720, 721, 722, 723		747, 748, 749, 750, 751		775, 776, 777, 778, 779

cycle 142 (Tile at d=11, c=10)
col0 : 636, 637, 638, 639, 640		664, 665, 666, 667, 668		692, 693, 694, 695, 696		720, 721, 722, 723, 724		748, 749, 750, 751, 752
col1 : 637, 638, 639, 640, 641		665, 666, 667, 668, 669		693, 694, 695, 696, 697		721, 722, 723, 724, 725		749, 750, 751, 752, 753
col2 : 664, 665, 666, 667, 668		692, 693, 694, 695, 696		720, 721, 722, 723, 724		748, 749, 750, 751, 752		776, 777, 778, 779, 780
col3 : 665, 666, 667, 668, 669		693, 694, 695, 696, 697		721, 722, 723, 724, 725		749, 750, 751, 752, 753		777, 778, 779, 780, 781

cycle 143 (Tile at d=11, c=11)
col0 : 638, 639, 640, 641, 642		666, 667, 668, 669, 670		694, 695, 696, 697, 698		722, 723, 724, 725, 726		750, 751, 752, 753, 754
col1 : 639, 640, 641, 642, 643		667, 668, 669, 670, 671		695, 696, 697, 698, 699		723, 724, 725, 726, 727		751, 752, 753, 754, 755
col2 : 666, 667, 668, 669, 670		694, 695, 696, 697, 698		722, 723, 724, 725, 726		750, 751, 752, 753, 754		778, 779, 780, 781, 782
col3 : 667, 668, 669, 670, 671		695, 696, 697, 698, 699		723, 724, 725, 726, 727		751, 752, 753, 754, 755		779, 780, 781, 782, 783

